18  3.0  1.954026701119439e-14  -153.00179381312776 [-0.9999900230300595, -0.49999751992990077, -1.4999800460343116, -0.499995040256851, -1.499980045647054, -0.49999504029046327, -1.4999800456469872, -0.49999504029130554, -1.4999800456481955, -0.4999950402915228, -1.499980045648197, -0.49999504029044256, -1.499980045647358, -0.49999504029071434, -1.499980046034574, -0.49999504025455255, -0.9999900230284556, -0.4999975199276029]  [0.004036043903912578, 0.004036081230186053, 0.004036081065045033, 0.004036081102919269, 0.004036080834276599, 0.004036081277496982, 0.004036080927796878, 0.004036044536028102]
18  2.0  6.517559331340548e-13  -68.02283735943432 [-0.9997384474753961, -0.4999046882047658, -1.4994768465225732, -0.49980961737017765, -1.4994765748178265, -0.4998096356414349, -1.4994765742469878, -0.49980963565963676, -1.4994765742456906, -0.49980963566001313, -1.4994765742481506, -0.49980963565974895, -1.4994765748171508, -0.4998096356410535, -1.4994768465280066, -0.49980961738222784, -0.999738447481996, -0.49990468821686634]  [0.022833628652541585, 0.022839689790820617, 0.022839701158101272, 0.022839701210030365, 0.0228397011958275, 0.022839701138972344, 0.022839689842234473, 0.022833627637021563]
18  1.5  1.2406985822924178e-8  -38.37835720749374 [-0.9973804680024464, -0.49905093112990134, -1.4947560736560088, -0.4981259839442623, -1.4947287839731682, -0.4981282675985442, -1.4947282107744757, -0.4981282984267023, -1.4947281968305826, -0.49812829922655905, -1.4947282107270308, -0.49812829852178064, -1.4947287838557444, -0.49812826762328133, -1.494756074026082, -0.49812598395431074, -0.9973804683645522, -0.4990509311116759]  [0.07208332062524411, 0.07227303179817453, 0.07227657757690385, 0.07227665991655403, 0.07227666046709882, 0.07227657805620084, 0.07227303175231178, 0.07208331761083558]
18  1.0  2.329906772669549e-9  -18.477907820750875 [-0.9257456873288125, -0.47793200871563857, -1.3476271221554, -0.4740050439593424, -1.3260230195956315, -0.48451098730101994, -1.3166923759863651, -0.48951515893514813, -1.313989458278151, -0.491042288635698, -1.3166923774286448, -0.48951515808968016, -1.3260230207897659, -0.48451098712968155, -1.3476271224756824, -0.4740050443933611, -0.9257456873662865, -0.47793200890819026]  [0.35538986314136806, 0.374331718394232, 0.3811125470599096, 0.3835525057789142, 0.38355250500500254, 0.38111254580692305, 0.3743317177039254, 0.35538986271891915]
18  0.9  1.9815831758481292e-9  -16.547204431097214 [-0.8183125067226549, -0.455610987015346, -1.1310603436962787, -0.49368090016417066, -1.0528876480760583, -0.5543563042969983, -1.012307048549564, -0.5882566661553961, -0.9996244394542084, -0.5992305073468032, -1.0123070599768278, -0.5882566558228743, -1.0528876625380088, -0.5543562958147393, -1.1310603457100477, -0.49368090245367113, -0.8183124991751521, -0.45561098815563805]  [0.5128017631617002, 0.5439238634664265, 0.5551010570530073, 0.5588302026975867, 0.5588302003689527, 0.5551010542068953, 0.5439238576476502, 0.512801768917929]
18  0.8  4.313152512661492e-9  -16.001950366887232 [-0.6779140631099564, -0.39978860239142106, -0.8842392033573507, -0.4610316215098641, -0.7841345694160659, -0.5573413698754116, -0.7388053860293293, -0.6011428409030675, -0.7257924677467967, -0.6138895305994458, -0.7388053943543643, -0.6011428322635035, -0.7841345870919176, -0.557341353476584, -0.8842392215996522, -0.4610316106130433, -0.677914070699811, -0.39978860167006014]  [0.6735972011893719, 0.690738174769262, 0.6951351383199401, 0.6960254511472295, 0.6960254510537359, 0.6951351382091522, 0.6907381709547039, 0.6735971989060006]
18  0.7  1.8486184322671447e-8  -17.599236514995646 [-0.4849338266012975, -0.21764832120858324, -0.5247299547610431, -0.1543326628145505, -0.4126940091287738, -0.2655294398520961, -0.3726152713944536, -0.30529977841377565, -0.36222751288748123, -0.3157018818090844, -0.37261572420727274, -0.3052993334301054, -0.4126946730530441, -0.2655288112542825, -0.5247304171795365, -0.15433227879763162, -0.48493400989815794, -0.2176482633532193]  [0.8860527946382778, 0.8943985451586005, 0.89622176321529, 0.8964126604493164, 0.8964126568204849, 0.8962217555909927, 0.8943985102436229, 0.8860527848622126]
18  0.6  3.5928580840864636e-7  -24.330967991365444 [0.09791866210826398, 0.4796562633807083, 0.6899973214218094, 1.1655825357103173, 0.9475981849417954, 1.0743619325136957, 0.9997794294374605, 1.0452929709472818, 1.0112464719775591, 1.0364825813578344, 0.9997576006952017, 1.0453512725854768, 0.9475832100103818, 1.0744009522710218, 0.68999053511846, 1.165591033404057, 0.0979183300610506, 0.47965605554688073]  [1.3012669297174941, 1.3468580845026492, 1.352932348909421, 1.3536329865801715, 1.3536369319910864, 1.3529377846327, 1.3468589570313245, 1.301266811387297]
18  0.5  1.9443576996400626e-7  -44.67235901785047 [1.629445394111057, 2.101299730663131, 3.3358520480691345, 3.8367899426593346, 3.7867489212443584, 3.82336484249367, 3.8282460011260406, 3.83662142333774, 3.834596331134879, 3.836282452605459, 3.8282459980386627, 3.836621422942171, 3.786748923082409, 3.8233648486440885, 3.335852047181168, 3.83678994687366, 1.6294453936008906, 2.101299730165778]  [1.8153267324562754, 1.8770677203319086, 1.883380718554156, 1.8841327111539354, 1.8841327111405801, 1.8833807184416225, 1.8770677209001354, 1.8153267324675184]
18  0.4  7.461081295663793e-7  -86.23672288000239 [2.838769205226688, 3.1109513641812994, 4.728526391790492, 5.001779607924358, 4.952543925978648, 4.954137075283199, 4.956890808996823, 4.957415816762907, 4.957308236127151, 4.95731407198153, 4.956890806963558, 4.957415822111949, 4.952543926147754, 4.954137080765679, 4.72852639340802, 5.0017796095241085, 2.8387692074861417, 3.110951363919219]  [1.9741035390822492, 1.9865918665036169, 1.9869796292346342, 1.986995984258518, 1.986995984241648, 1.9869796293615796, 1.9865918666298314, 1.9741035391650843]
18  0.3  5.646368669200162e-6  -169.7437382743837 [3.3841647552687424, 3.4796392594111576, 5.230324859562872, 5.325652539679651, 5.3026613554992625, 5.302531369886998, 5.3028815764962065, 5.302898350812137, 5.302893489441344, 5.302893360866559, 5.302881575958026, 5.302898349569592, 5.3026613533624625, 5.3025313678663775, 5.230324858314739, 5.325652539400881, 3.3841647545559983, 3.4796392592252907]  [1.9976657466208754, 1.9988820139163512, 1.9988915738319697, 1.9988916867341442, 1.9988916866969741, 1.998891573868117, 1.9988820138715977, 1.9976657466101742]
18  0.2  9.64784070249853e-7  -396.38547236259694 [3.578036898077531, 3.5974867605705674, 5.3976148063196625, 5.417055098767927, 5.411940825347748, 5.411931387048213, 5.411946307289026, 5.411946438886485, 5.411946397524709, 5.41194639722911, 5.411946307329766, 5.411946438927064, 5.411940826973898, 5.411931388674264, 5.39761480646458, 5.417055098912799, 3.5780368980776327, 3.597486760570603]  [1.9999124211755022, 1.999958920583192, 1.9999589863840148, 1.9999589865382659, 1.9999589865383296, 1.9999589863866776, 1.9999589205860229, 1.9999124211757349]
18  0.1  3.380509318391388e-10  -1599.0939102536258 [3.6220736303002568, 3.6232973169437486, 5.435021151537867, 5.436244797314912, 5.435916836772911, 5.4359167959388, 5.435916855401442, 5.435916855433947, 5.435916855424232, 5.435916855424193, 5.435916855403098, 5.435916855434616, 5.4359168367731865, 5.435916795937937, 5.435021151538033, 5.436244797314482, 3.622073630300246, 3.623297316943669]  [1.9999996610351845, 1.999999841715401, 1.9999998417310274, 1.9999998417310296, 1.9999998417310292, 1.9999998417310274, 1.9999998417154008, 1.9999996610351845]
