20  3.0  1.6165013861555e-13  -171.0020180400262 [-0.9999900230300559, -0.4999975199298947, -1.499980046034387, -0.49999504025751135, -1.4999800456474521, -0.49999504029137815, -1.4999800456475292, -0.49999504029210246, -1.4999800456486985, -0.4999950402920494, -1.4999800456483565, -0.4999950402906277, -1.499980045647597, -0.49999504029079883, -1.4999800456475474, -0.4999950402906229, -1.4999800460354271, -0.49999504025595987, -0.9999900230314097, -0.49999751992921615]  [0.004036043905820427, 0.004036081109343395, 0.004036080973575161, 0.004036080977966232, 0.004036080792804628, 0.004036081263650674, 0.004036080888141834, 0.004036081301691519, 0.004036043796492047]
20  2.0  5.129405353969721e-13  -76.0256921243573 [-0.9997384474753698, -0.4999046882047308, -1.4994768465235713, -0.49980961736993285, -1.4994765748203613, -0.49980963564119035, -1.4994765742482834, -0.4998096356601333, -1.4994765742436673, -0.4998096356602632, -1.4994765742440757, -0.4998096356601058, -1.499476574247201, -0.4998096356596238, -1.4994765748170065, -0.4998096356414271, -1.4994768465287183, -0.4998096173824448, -0.9997384474825252, -0.49990468821679973]  [0.02283362865738193, 0.022839689763397567, 0.022839701099038143, 0.02283970122368714, 0.02283970123514754, 0.022839701211884538, 0.02283970115705764, 0.022839689819953077, 0.022833627623887992]
20  1.5  1.3832793058274208e-8  -42.894407281407865 [-0.9973804679989153, -0.499050931130186, -1.4947560735469798, -0.4981259839528584, -1.494728783803623, -0.49812826769194013, -1.494728210668049, -0.49812829853609897, -1.4947281963990218, -0.49812829919196383, -1.4947281965287225, -0.49812829916130347, -1.4947282108798994, -0.49812829842537004, -1.4947287839782086, -0.4981282676068373, -1.4947560740233012, -0.4981259839507003, -0.9973804683614297, -0.49905093111168397]  [0.07208332064501849, 0.0722730321833245, 0.07227657860555484, 0.07227666046416818, 0.07227666200317172, 0.07227665946601024, 0.07227657750023211, 0.0722730318869342, 0.07208331761427189]
20  1.0  3.1642285896384634e-9  -20.66564743644892 [-0.9255753287300508, -0.4779401611064387, -1.34708642119473, -0.474204503402082, -1.3248422571401803, -0.4850969222352415, -1.314493031306147, -0.49073651197426416, -1.3101705318714143, -0.4932469365853616, -1.3101705384489233, -0.49324693360168204, -1.3144930423010448, -0.4907365038631267, -1.3248422654630005, -0.485096923572431, -1.3470864201466775, -0.4742045062887451, -0.9255753275295086, -0.4779401612805864]  [0.3555459929129842, 0.3746925679850375, 0.38176852671153766, 0.38467645880290613, 0.38549513648082817, 0.3846764507239383, 0.3817685220759435, 0.374692561521133, 0.3555459943563766]
20  0.9  5.4992254454937906e-9  -18.530805135969132 [-0.8162177935912042, -0.45578833721498857, -1.125589676018079, -0.496525006717186, -1.0425933025869647, -0.561454721412903, -0.995496186017357, -0.6013478354353992, -0.9738747128835089, -0.6204456860534018, -0.9738744197441385, -0.6204459446631551, -0.9954956425654587, -0.6013482573449651, -1.042592976199321, -0.5614549883413182, -1.1255894422339574, -0.49652516531480617, -0.8162176021604792, -0.45578835846184135]  [0.5138873893010245, 0.5456785294617825, 0.5573474795483467, 0.5616831867155249, 0.5628158601874895, 0.5616833136284984, 0.5573475592991876, 0.5456785444997982, 0.5138875032880679]
20  0.8  3.2034877797005936e-8  -17.94668227262614 [-0.6772248409963719, -0.39991026666454105, -0.8824870081211066, -0.4622535361242866, -0.7804663856371886, -0.5604317812308334, -0.7316388973502665, -0.6077165865370733, -0.7119421532721819, -0.627083587713855, -0.7119453266276999, -0.6270801394852741, -0.7316507088510334, -0.6077053257597189, -0.7804850295003986, -0.5604161996812738, -0.8825026788299806, -0.4622432475631944, -0.6772319287184745, -0.3999091698139704]  [0.6737485706297871, 0.6909636094253713, 0.6953797425495162, 0.6963109513811829, 0.6964767832912746, 0.6963107671701887, 0.6953785599525972, 0.69096080850701, 0.673746644619637]
20  0.7  2.2004704964521364e-7  -19.76080922197674 [-0.4847548422024346, -0.21771066979733333, -0.5242274771405554, -0.15476859240237426, -0.4114511777621932, -0.2666874601582261, -0.36968276744742445, -0.30815634183609547, -0.3551367303207305, -0.3227153827799449, -0.35512412005713306, -0.32271590931048894, -0.36966531560770394, -0.30817249660163476, -0.4114267181389615, -0.2667091206129617, -0.5242059937360585, -0.15479059460505865, -0.48474127291974933, -0.21771493579733375]  [0.8860554804133283, 0.8944227699144032, 0.8962430669972985, 0.8964359386372982, 0.8964612927466982, 0.8964370034196758, 0.896243626452192, 0.89442406551943, 0.886056426082909]
20  0.6  4.842270264017212e-8  -27.353868304696405 [0.09794531766781217, 0.47964731616729406, 0.6900984983285468, 1.1655094017755105, 0.9479850478687168, 1.0740560218621282, 1.0011451597200374, 1.044083824741454, 1.0157780268242407, 1.0324267495001775, 1.0157780256346467, 1.0324267524019033, 1.001145152468243, 1.0440838262234342, 0.9479850380493646, 1.074056022130392, 0.6900984903433636, 1.1655094028978037, 0.09794531287806063, 0.4796473150388317]  [1.301267163735775, 1.3468643888762353, 1.35294572822446, 1.3536578431380217, 1.3537390135492777, 1.353657843283058, 1.352945727087211, 1.346864387507185, 1.3012671627655936]
20  0.5  3.645839115048299e-7  -50.291168215766135 [1.6294457480624063, 2.101299870122044, 3.3358542333693864, 3.836789849794103, 3.7867633139424735, 3.823364476095981, 3.8283640844985043, 3.836611968804731, 3.8353768006894775, 3.836364849116297, 3.8353767943953203, 3.836364842973058, 3.828364092081713, 3.83661196840323, 3.786763316323286, 3.823364477985349, 3.335854231465236, 3.8367898531531766, 1.6294457503610797, 2.1012998700408163]  [1.8153267734439824, 1.877067939252303, 1.883382246100084, 1.8841447100688802, 1.8842282062316433, 1.8841447098103412, 1.8833822466514905, 1.877067939419483, 1.8153267735929237]
20  0.4  9.363320889307641e-7  -97.06910807278032 [2.838769205143131, 3.1109513643653934, 4.728526392191499, 5.001779606925274, 4.952543941238749, 4.954137087462103, 4.956891616740555, 4.957415629482004, 4.9573163357148635, 4.957320256965588, 4.957316335069073, 4.957320255142406, 4.956891615657235, 4.957415628276767, 4.952543940183416, 4.95413708642053, 4.728526390806577, 5.001779605524215, 2.838769204956252, 3.1109513652041736]  [1.9741035390660544, 1.9865918665596571, 1.9869796305939011, 1.98699601499459, 1.9869966924843963, 1.9869960149360808, 1.986979630584808, 1.9865918665072457, 1.9741035390347235]
20  0.3  5.560205603252567e-6  -190.9991251752337 [3.3841647553041696, 3.4796392594206855, 5.230324859646919, 5.3256525398021966, 5.302661356049859, 5.302531370279709, 5.3028815786115615, 5.302898349176702, 5.30289349773944, 5.302893436305355, 5.302893495259884, 5.302893434271831, 5.302881578969295, 5.302898349788068, 5.302661355001301, 5.3025313695828356, 5.230324858514132, 5.325652539342887, 3.384164755147886, 3.479639259394637]  [1.9976657466204766, 1.9988820139334822, 1.9988915738511766, 1.9988916867542974, 1.9988916880126937, 1.9988916868003686, 1.9988915737904305, 1.9988820139445647, 1.9976657466075132]
20  0.2  2.0814670156843084e-6  -445.9514902354714 [3.5780368980776256, 3.5974867605706096, 5.397614806863716, 5.417055099311778, 5.4119408295807565, 5.411931391281041, 5.4119463049720204, 5.411946436568404, 5.411946394203947, 5.411946394056967, 5.41194639526946, 5.411946395122573, 5.411946307586018, 5.41194643918232, 5.411940829977585, 5.4119313916778395, 5.397614806401699, 5.417055098849973, 3.578036898077629, 3.5974867605706806]  [1.999912421176374, 1.999958920590832, 1.999958986387076, 1.9999589865292828, 1.9999589865320564, 1.999958986535169, 1.9999589863918943, 1.999958920590729, 1.9999124211756347]
20  0.1  -1.9498015729310486e-6  -1798.9851783129852 [3.6220736302996075, 3.623297316943425, 5.4350211515374145, 5.43624479731531, 5.4359168367727095, 5.435916795939267, 5.435916855402024, 5.435916855433916, 5.435916855425319, 5.435916855424082, 5.435916855424425, 5.435916855423871, 5.435916855400861, 5.435916855434135, 5.435916836773544, 5.435916795940569, 5.435021151538115, 5.436244797315079, 3.6220736303002825, 3.623297316943402]  [1.999999661035183, 1.9999998417154, 1.9999998417310263, 1.9999998417310292, 1.9999998417310283, 1.9999998417310287, 1.9999998417310263, 1.9999998417154004, 1.9999996610351833]
