36  3.0  2.2737588025849765e-13  -315.0038118552136 [-0.99999002303006, -0.49999751992990144, -1.4999800460343262, -0.499995040257017, -1.4999800456473988, -0.49999504029097214, -1.4999800456475645, -0.49999504029178204, -1.499980045648466, -0.49999504029159214, -1.499980045647822, -0.49999504028977987, -1.4999800456450565, -0.4999950402917674, -1.4999800456484322, -0.499995040291981, -1.4999800456478984, -0.499995040289671, -1.499980045646712, -0.49999504029020125, -1.4999800456470975, -0.4999950402901967, -1.4999800456449288, -0.4999950402883857, -1.4999800456462538, -0.4999950402900651, -1.4999800456471026, -0.49999504028945024, -1.4999800456487906, -0.4999950402879306, -1.4999800456477608, -0.4999950402898798, -1.4999800460310342, -0.49999504025298447, -0.9999900230274067, -0.4999975199266036]  [0.004036043903796806, 0.004036081200790646, 0.00403608095592952, 0.004036081041178282, 0.0040360808407765335, 0.004036081439143857, 0.004036080966845227, 0.0040360808576348165, 0.004036081427445849, 0.004036080964037651, 0.00403608136564717, 0.0040360816088692, 0.004036080878968631, 0.004036081570928016, 0.004036080851768379, 0.004036081423492111, 0.004036044867831493]
36  2.0  1.3083822388697449e-12  -140.0434231769494 [-0.9997442164054466, -0.49993646244917844, -1.4994883810366801, -0.49987316579712576, -1.499488100521833, -0.4998731785523591, -1.4994880999365612, -0.4998731785656487, -1.4994880999349616, -0.4998731785655813, -1.4994880999350149, -0.49987317856563557, -1.499488099934568, -0.499873178565548, -1.4994880999347235, -0.4998731785660023, -1.4994880999348614, -0.49987317856561475, -1.4994880999352338, -0.49987317856563657, -1.4994880999351605, -0.499873178565582, -1.4994880999352074, -0.4998731785656347, -1.4994880999351405, -0.49987317856561014, -1.4994880999351348, -0.4998731785656006, -1.499488099936264, -0.4998731785655376, -1.4994881005199108, -0.4998731785523245, -1.4994883810416062, -0.49987316580482166, -0.9997442164114181, -0.49993646245626916]  [0.020430387850208134, 0.02043694347753859, 0.020436955420801456, 0.020436955452301946, 0.020436955454515845, 0.02043695545325155, 0.020436955460873325, 0.020436955455314227, 0.0204369554475938, 0.020436955451656916, 0.020436955449657145, 0.02043695544944666, 0.02043695545215377, 0.020436955450692747, 0.020436955430807462, 0.020436943525973302, 0.020430387173450526]
36  1.5  2.7910839786155216e-8  -79.02280786994405 [-0.9973804680016001, -0.49905093113021104, -1.4947560736277428, -0.4981259839411526, -1.4947287839238335, -0.49812826763325957, -1.4947282108072926, -0.49812829847884715, -1.49472819652046, -0.49812829917570944, -1.494728196156968, -0.4981282991722119, -1.494728196162119, -0.49812829917573104, -1.494728196132913, -0.4981282991811683, -1.4947281961008552, -0.49812829921284113, -1.4947281960090484, -0.49812829921542523, -1.4947281958982979, -0.49812829926539093, -1.4947281959170886, -0.4981282993733503, -1.494728195910703, -0.49812829926581803, -1.494728196427955, -0.4981282991640065, -1.4947282108555688, -0.49812829843943357, -1.494728783971826, -0.49812826762032353, -1.494756074045507, -0.4981259839601433, -0.997380468367427, -0.4990509311114423]  [0.07208332062755686, 0.07227303193830699, 0.07227657768481087, 0.07227665969893603, 0.07227666191487908, 0.07227666185282361, 0.0722766617641895, 0.0722766620211273, 0.0722766620898953, 0.07227666245008993, 0.07227666242429667, 0.07227666333331646, 0.07227666243693631, 0.07227665959624574, 0.07227657751999322, 0.07227303165177797, 0.072083317560404]
36  1.0  2.03248185214541e-9  -38.168937848648184 [-0.9251394637964272, -0.47796070697795007, -1.3457222922259828, -0.4747139462594129, -1.321932901487226, -0.4865773867322836, -1.3092655060491927, -0.4937609414486855, -1.3015673272468757, -0.49853549173133677, -1.2966227044486511, -0.501776075680507, -1.2934411949802918, -0.5039357000412137, -1.2915257678479906, -0.5052646895549054, -1.2906225311801773, -0.5058989981847501, -1.2906225313150204, -0.505898998150091, -1.2915257676904381, -0.505264689458317, -1.2934411944499868, -0.5039357002767149, -1.2966227041650624, -0.5017760763068877, -1.3015673279266082, -0.49853549224761085, -1.309265507115025, -0.49376094111777646, -1.3219329026471318, -0.4865773868786184, -1.3457222928809307, -0.474713947344441, -0.9251394634876297, -0.47796070725412304]  [0.3559396919980735, 0.37557088754834284, 0.38327967347970004, 0.387069292576422, 0.38919525639552055, 0.39046016269353495, 0.39121068535224146, 0.3916110798138194, 0.39173713900088913, 0.39161107962337904, 0.39121068595350283, 0.3904601628059417, 0.38919525535067173, 0.38706929161583875, 0.3832796729145436, 0.3755708860090851, 0.3559396909644368]
36  0.9  1.7907254356972265e-9  -34.420259591346564 [-0.8107554409105423, -0.45624862988007264, -1.1113843376912922, -0.5039365685282597, -1.0160492239155212, -0.579915840640207, -0.9526021379144601, -0.6352884187595457, -0.9091806624529615, -0.6752494145364503, -0.8795379600909544, -0.7033379342686129, -0.8599160356377054, -0.7222466147715503, -0.8479722754145971, -0.7338677380050351, -0.8423230092766986, -0.7393919385965954, -0.8423230253804819, -0.7393919232478194, -0.8479722845742851, -0.7338677312772152, -0.8599159991320168, -0.7222466476557068, -0.8795378906272383, -0.7033379996853432, -0.9091805675205327, -0.6752494999572269, -0.9526020150557384, -0.6352885253497365, -1.0160490728154041, -0.5799159546535495, -1.111384228656688, -0.503936617507265, -0.8107554192223831, -0.45624863124350246]  [0.5166975874771902, 0.5501195057885199, 0.5627593695968179, 0.5679221198478525, 0.5701861231364809, 0.5712147055057243, 0.5716860630131346, 0.5718901752791917, 0.5719472452015231, 0.5718901709397252, 0.5716860650364056, 0.5712147087702887, 0.5701861290248224, 0.5679221339884234, 0.5627593864460307, 0.5501195603443768, 0.5166975912824274]
36  0.8  1.2991865417422248e-8  -33.50879065801085 [-0.676523651597216, -0.40003448382843126, -0.8806967870300464, -0.46350332176674525, -0.776683529433116, -0.563621216763354, -0.7241689287108626, -0.6145799048748116, -0.6974176847472593, -0.6409774186520627, -0.6837643478578436, -0.6545459390798924, -0.6768521828735317, -0.6614375497407381, -0.6734871513182221, -0.6647975587095478, -0.6721192548382987, -0.6661642851947529, -0.6721192548132634, -0.6661642855554447, -0.673487151437316, -0.6647975582817301, -0.6768521845538882, -0.6614375483736553, -0.6837643491918619, -0.6545459377128767, -0.6974176850925957, -0.6409774183646131, -0.7241689285589314, -0.614579905076228, -0.7766835292375662, -0.5636212168535697, -0.8806967873076667, -0.46350332229755997, -0.6765236515467639, -0.4000344841481285]  [0.6739012941759897, 0.6911905977744603, 0.6956231217769574, 0.6965723693341277, 0.6967912783620633, 0.6968431356312957, 0.6968556494846051, 0.6968586686558991, 0.6968592378557279, 0.6968586686895619, 0.6968556493847146, 0.6968431354746738, 0.696791278175745, 0.6965723693231461, 0.6956231218146984, 0.6911905979110449, 0.6739012936519988]
36  0.7  1.261991254588483e-8  -37.054171328042635 [-0.48467204492888116, -0.21774060861624062, -0.5239900762530777, -0.15498012453125173, -0.41078279651798144, -0.26730815548804443, -0.3678964668692335, -0.30989367419969266, -0.35054491545370015, -0.32725917305209473, -0.3435888813257709, -0.33421664141486335, -0.3408023268010335, -0.33700338939858043, -0.33970723793358704, -0.3380984983225411, -0.339328363116447, -0.3384773750510024, -0.3393283628455979, -0.3384773754090541, -0.339707237118037, -0.3380984991168078, -0.3408023264427873, -0.33700338996868384, -0.3435888814140865, -0.3342166412205765, -0.3505449154629423, -0.327259173212349, -0.3678964668240586, -0.30989367380024385, -0.4107827975378494, -0.26730815486579174, -0.5239900772870493, -0.1549801238457029, -0.4846720450148936, -0.21774060788639785]  [0.8860563091252621, 0.8944318994829624, 0.8962518417718206, 0.8964479747788593, 0.896476729727042, 0.8964808912833633, 0.8964815110557385, 0.8964816040975077, 0.896481615974231, 0.8964816042179682, 0.8964815112430327, 0.8964808914584236, 0.896476729808551, 0.8964479747348308, 0.8962518417052745, 0.894431899215042, 0.8860563094429591]
36  0.6  1.2713515842384263e-7  -51.537212601259284 [0.097962875888011, 0.4796406930907818, 0.6901604988073321, 1.1654579807741023, 0.9481846102263867, 1.073874256128061, 1.0017726522412167, 1.0434797685258346, 1.0178045867669803, 1.03047814893754, 1.0223553193244188, 1.026332442816413, 1.0237527044193664, 1.0249889627356872, 1.024176731776579, 1.0245721151746912, 1.0242966679738723, 1.0244531191036734, 1.024296667682625, 1.0244531190985697, 1.0241767291917656, 1.0245721139546418, 1.0237527020241293, 1.024988961074571, 1.022355319914675, 1.026332442764223, 1.017804582537095, 1.030478150232104, 1.001772642022428, 1.0434797690557955, 0.9481846016225015, 1.0738742575328117, 0.6901604899334361, 1.1654579808502836, 0.09796286957311989, 0.4796406906425076]  [1.301267127187209, 1.3468669332211791, 1.3529477786756137, 1.3536617960093005, 1.3537549328357645, 1.3537670426601969, 1.3537686372379878, 1.3537688473059868, 1.3537688715491178, 1.3537688470664921, 1.3537686365669757, 1.3537670426135324, 1.3537549328016758, 1.3536617950483203, 1.3529477776005292, 1.346866932290636, 1.3012671254319026]
36  0.5  7.851427462819338e-7  -95.2416434094902 [1.6294458041349913, 2.1012998888019707, 3.3358545561895636, 3.8367898327981114, 3.7867656566145853, 3.8233641533450013, 3.8283806000988294, 3.836611049255812, 3.835511186841269, 3.8363542498419356, 3.8362914220949116, 3.8364364096483414, 3.836409297262893, 3.8364267350870254, 3.8364234670850106, 3.836426146270602, 3.8364254471032746, 3.8364258410830296, 3.8364254452618245, 3.8364258355012906, 3.8364234701343385, 3.836426139673926, 3.836409298462006, 3.8364267432740693, 3.836291419014075, 3.8364364135321485, 3.835511181922267, 3.836354245569515, 3.828380600818483, 3.8366110476020787, 3.786765650173381, 3.823364150225533, 3.335854550295678, 3.836789840722918, 1.6294457985776898, 2.1012998847885003]  [1.8153267794566013, 1.8770679711760714, 1.8833824656528368, 1.884146432114796, 1.8842418978801425, 1.8842538681614425, 1.8842553704746043, 1.8842555588097498, 1.8842555788298045, 1.884255558407542, 1.8842553706176792, 1.8842538688652086, 1.8842418971435948, 1.884146432042983, 1.8833824652344373, 1.8770679711166784, 1.8153267788495435]
36  0.4  1.7018983278242492e-6  -183.72819037186008 [2.838769205343703, 3.1109513642768265, 4.728526393523786, 5.001779607957568, 4.952543941583192, 4.95413708653949, 4.956891641788635, 4.957415644344758, 4.957317152134792, 4.957320066286163, 4.957325246898188, 4.957326254122233, 4.957326054963059, 4.9573260646318875, 4.957326069183367, 4.957326075937208, 4.9573260701395245, 4.957326079027892, 4.957326072793521, 4.957326081450734, 4.9573260677129545, 4.957326074037692, 4.9573260536996475, 4.957326062709019, 4.957325246079313, 4.957326254489142, 4.957317156027935, 4.957320077493894, 4.95689162773331, 4.957415641988443, 4.952543938054538, 4.954137090153825, 4.728526406184615, 5.001779616370115, 2.838769202438263, 3.1109513560130284]  [1.9741035391039612, 1.9865918665212239, 1.9869796308761827, 1.9869960162139348, 1.986996724177081, 1.9869967548494527, 1.9869967561928377, 1.9869967562844952, 1.986996756383941, 1.9869967562793496, 1.9869967561347002, 1.9869967548562388, 1.9869967243147555, 1.986996016262669, 1.9869796305851417, 1.9865918669742975, 1.9741035389361423]
36  0.3  1.406717020803588e-5  -361.0422111779957 [3.384164755262005, 3.4796392593961922, 5.2303248585831765, 5.325652538879552, 5.30266135301032, 5.302531366858529, 5.302881579396541, 5.302898349835492, 5.302893499082167, 5.3028934351442265, 5.302893507208924, 5.302893510447296, 5.302893510119988, 5.302893509406627, 5.302893509296388, 5.302893508211252, 5.302893510013277, 5.302893509267228, 5.302893510614535, 5.30289351035823, 5.3028935102041785, 5.302893510213172, 5.302893509425625, 5.30289350982639, 5.302893508247385, 5.302893512940827, 5.30289350023313, 5.302893436436422, 5.302881579976031, 5.302898350095928, 5.302661354724929, 5.302531369013707, 5.230324857768494, 5.32565253879709, 3.3841647545254725, 3.479639259433154]  [1.9976657466098724, 1.9988820138813295, 1.9988915738768438, 1.998891686680561, 1.998891688118288, 1.9988916880483567, 1.9988916880841368, 1.998891688125802, 1.99889168807045, 1.9988916881115126, 1.9988916880874172, 1.9988916881031225, 1.9988916880994765, 1.9988916867496314, 1.9988915738492952, 1.9988820139209065, 1.9976657465972676]
36  0.2  2.2374563795067116e-6  -842.4796416439351 [3.578036898077523, 3.5974867605705736, 5.397614806845695, 5.417055099294144, 5.411940827684287, 5.411931389384975, 5.41194630989641, 5.411946441493086, 5.411946398731295, 5.411946398581966, 5.41194639834614, 5.41194639834759, 5.4119463946642075, 5.41194639466639, 5.411946397630883, 5.411946397631003, 5.4119463987478404, 5.411946398747828, 5.411946395222007, 5.411946395221491, 5.411946395033125, 5.4119463950324445, 5.411946394435006, 5.411946394435033, 5.411946394763467, 5.411946394764645, 5.411946397339644, 5.411946397191863, 5.411946310048764, 5.411946441645151, 5.411940828234484, 5.411931389934621, 5.3976148064607425, 5.417055098908769, 3.578036898077631, 3.597486760570556]  [1.9999124211763455, 1.9999589205877704, 1.9999589863919236, 1.9999589865444083, 1.9999589865442657, 1.9999589865377976, 1.999958986536652, 1.9999589865431853, 1.9999589865393277, 1.9999589865333829, 1.9999589865321252, 1.9999589865316958, 1.9999589865363054, 1.9999589865424232, 1.9999589863930474, 1.9999589205880355, 1.9999124211757304]
36  0.1  -3.7253460006703755e-6  -3398.1153084538364 [3.622073630298207, 3.6232973169427147, 5.435021151536835, 5.436244797316184, 5.435916836772252, 5.4359167959391925, 5.435916855402192, 5.435916855434518, 5.435916855423881, 5.435916855424406, 5.435916855423483, 5.435916855424506, 5.435916855425523, 5.435916855424676, 5.435916855424867, 5.43591685542276, 5.435916855425123, 5.435916855423891, 5.4359168554245665, 5.435916855422806, 5.43591685542357, 5.435916855423096, 5.435916855421015, 5.435916855423797, 5.435916855421786, 5.435916855424937, 5.435916855424193, 5.435916855425209, 5.4359168554005945, 5.435916855433743, 5.435916836773641, 5.435916795939525, 5.435021151538612, 5.436244797314272, 3.6220736303002283, 3.623297316943094]  [1.9999996610351838, 1.9999998417154006, 1.999999841731028, 1.9999998417310303, 1.9999998417310303, 1.9999998417310307, 1.999999841731031, 1.9999998417310303, 1.999999841731031, 1.9999998417310303, 1.9999998417310294, 1.9999998417310296, 1.9999998417310303, 1.9999998417310298, 1.9999998417310278, 1.9999998417154017, 1.999999661035185]
