24  3.0  1.0658259790416833e-13  -207.00246649382328 [-0.9999900230300599, -0.49999751992989505, -1.4999800460346817, -0.49999504025915564, -1.4999800456490002, -0.4999950402927203, -1.4999800456479226, -0.49999504028951214, -1.4999800456471672, -0.49999504028990693, -1.4999800456471324, -0.499995040290616, -1.4999800456480714, -0.49999504029010344, -1.4999800456484667, -0.4999950402891588, -1.4999800456454249, -0.4999950402908549, -1.4999800456485992, -0.4999950402916051, -1.499980046036118, -0.49999504025468283, -0.9999900230290383, -0.4999975199281153]  [0.004036043905256614, 0.004036080796140448, 0.004036080818730945, 0.0040360814889114326, 0.004036080877302359, 0.0040360813795000915, 0.0040360808083007285, 0.004036081468457548, 0.004036081026393031, 0.004036080834171733, 0.004036044359111344]
24  2.0  1.5927440767385203e-12  -92.02809705975487 [-0.9997442164054503, -0.4999364624491635, -1.4994883810367112, -0.4998731657970934, -1.499488100521988, -0.4998731785523194, -1.499488099936872, -0.49987317856564595, -1.4994880999353397, -0.49987317856572583, -1.4994880999351223, -0.4998731785657055, -1.4994880999350524, -0.49987317856558683, -1.499488099935124, -0.4998731785655737, -1.4994880999365416, -0.4998731785655113, -1.4994881005203076, -0.49987317855208846, -1.4994883810417383, -0.49987316580480357, -0.999744216411265, -0.4999364624562992]  [0.02043038785061823, 0.02043694347716094, 0.020436955418315503, 0.020436955443543577, 0.020436955447057394, 0.020436955453633613, 0.02043695545086815, 0.02043695545248071, 0.020436955424817167, 0.020436943520557523, 0.02043038717752249]
24  1.5  1.6619233890540566e-8  -51.92650742937562 [-0.9973804680054987, -0.49905093112859417, -1.4947560736602068, -0.4981259839461488, -1.4947287838865806, -0.4981282676137806, -1.4947282107397566, -0.49812829852700136, -1.4947281962938548, -0.4981282992426454, -1.4947281958881895, -0.4981282992568048, -1.494728195961011, -0.49812829924788854, -1.4947281963809722, -0.49812829918246826, -1.4947282107979458, -0.4981282984676923, -1.4947287839336403, -0.49812826761750134, -1.4947560740421741, -0.4981259839596637, -0.9973804683671587, -0.4990509311132494]  [0.07208332063858404, 0.07227303165357704, 0.07227657772212753, 0.0722766605686155, 0.07227666299852052, 0.07227666303908314, 0.07227666264971273, 0.07227665991284851, 0.07227657771766074, 0.07227303165231244, 0.07208331755542446]
24  1.0  7.15221993660468e-9  -25.041307338137738 [-0.9253663426210709, -0.47795007460922256, -1.3464288006635778, -0.4744489001544143, -1.323426405247062, -0.4858101350664886, -1.3119124653009204, -0.4922060056478072, -1.305837604136376, -0.4958495900314681, -1.3031548673958622, -0.4975208755655894, -1.3031546697530034, -0.49752093218702553, -1.3058370728985826, -0.49584984350626515, -1.3119118630571749, -0.49220645581513417, -1.3234259389271845, -0.48581036141357464, -1.3464286268221526, -0.47444891959403956, -0.925366318418825, -0.4779500729841492]  [0.3557360082092893, 0.375121982869421, 0.3825237029942262, 0.38590928993987017, 0.3874789638429455, 0.38794328666453126, 0.38747917252792624, 0.3859096584642226, 0.38252391935299535, 0.3751222655587347, 0.3557359530464968]
24  0.9  1.322595463610183e-9  -22.500718979795042 [-0.8134896584222003, -0.45601857987254346, -1.1184855458570289, -0.5002274329586446, -1.0292885187159289, -0.57068350444778, -0.9739245249847952, -0.6183347549565715, -0.9411888202500661, -0.6479107707091593, -0.925904037385478, -0.6620352572335697, -0.9259041113167453, -0.6620351919067451, -0.9411889925172652, -0.6479106207614623, -0.9739247114844014, -0.6183345883386243, -1.0292886849616927, -0.5706833781206283, -1.118485675385936, -0.5002273532187136, -0.8134897366229658, -0.4560185712166745]  [0.5152941613453559, 0.5479170845909843, 0.5601179243788097, 0.56497612774241, 0.5669223807840609, 0.5674467988321648, 0.5669223605534858, 0.5649761125107042, 0.5601178859541318, 0.5479170613184294, 0.5152941161927]
24  0.8  6.849347144567412e-9  -21.83689285345747 [-0.6767108096859986, -0.4000014013641195, -0.8811734623803651, -0.46317066320572103, -0.7776855962283861, -0.5627761037971399, -0.7261355728832326, -0.6127715852361333, -0.7012246456269474, -0.6373304992853218, -0.6911290599569659, -0.6473464115483161, -0.6911290594556819, -0.64734641220444, -0.7012246445660824, -0.6373305003968214, -0.7261355718762397, -0.6127715867205288, -0.7776855954302336, -0.5627761044654408, -0.8811734625305058, -0.463170663759962, -0.6767108095759093, -0.400001401668217]  [0.6738604170768914, 0.6911301012005848, 0.6955593132161408, 0.6965067814789665, 0.6967223735905153, 0.696761657161179, 0.6967223733548801, 0.6965067812970225, 0.6955593131569727, 0.6911301013215603, 0.6738604166163908]
24  0.7  8.658372691218259e-9  -24.084107960905733 [-0.4846890066968863, -0.21773463050357328, -0.5240380018259098, -0.15493818630542444, -0.41090654332586507, -0.2671929925129716, -0.36820181874344043, -0.30959642919669816, -0.351300732566126, -0.326511552774108, -0.34546455243907565, -0.33234913080857137, -0.34546455302434087, -0.33234913052337456, -0.3513007333459911, -0.32651155280092903, -0.3682018178361942, -0.30959642901437073, -0.4109065429495047, -0.2671929928373977, -0.5240380020389316, -0.1549381872749545, -0.4846890062542097, -0.21773463072524812]  [0.8860560812011984, 0.8944297441339748, 0.8962499360488311, 0.8964459851099151, 0.8964746568880042, 0.8964781961350672, 0.8964746567449564, 0.8964459851924547, 0.8962499361168614, 0.8944297442448628, 0.8860560810340006]
24  0.6  6.004065537080578e-8  -33.39969873665022 [0.09796117961820015, 0.47964133415791, 0.6901545111263104, 1.1654629577725966, 0.9481653688336247, 1.073891863576701, 1.0017122829893568, 1.0435385251974345, 1.017611543525523, 1.0306685535147675, 1.0217346552751323, 1.0269433061525328, 1.0217346563516683, 1.0269433059305648, 1.017611538548542, 1.03066855576693, 1.0017122751346308, 1.0435385280683547, 0.9481653635489196, 1.0738918586584631, 0.6901545058864395, 1.1654629553394986, 0.097961174275839, 0.47964133345338267]  [1.3012671310961617, 1.3468666899362254, 1.352947599311017, 1.3536615593735946, 1.3537544964656871, 1.3537650068027052, 1.3537544961070789, 1.3536615594052783, 1.352947598292483, 1.3468666880150137, 1.3012671304053285]
24  0.5  3.508920702857334e-7  -61.52878712290302 [1.6294458030373624, 2.101299888593995, 3.335854550804597, 3.8367898340265763, 3.786765615256977, 3.8233641614669738, 3.8283802989399507, 3.8366110965492, 3.8355088734999794, 3.836354609817862, 3.836274936938138, 3.836437369250735, 3.8362749343675078, 3.836437363132547, 3.8355088736323495, 3.83635460204244, 3.828380308675603, 3.8366110901071004, 3.7867656178261364, 3.8233641588551524, 3.3358545436150786, 3.8367898319478266, 1.629445803059642, 2.101299887094798]  [1.8153267793139602, 1.8770679708375728, 1.8833824619549304, 1.884146404213321, 1.8842416823820758, 1.8842521506848322, 1.8842416813525946, 1.8841464045414438, 1.8833824620230661, 1.8770679702434259, 1.8153267791878704]
24  0.4  1.076929964920721e-6  -118.73387869830975 [2.8387692045434223, 3.1109513638291197, 4.728526392435601, 5.0017796068195235, 4.952543941870094, 4.954137085942604, 4.956891632023728, 4.957415637240134, 4.957317149358946, 4.957320070976241, 4.957325230267768, 4.9573262442259605, 4.957325242549129, 4.9573262518712315, 4.957317149700767, 4.957320071634092, 4.956891638081942, 4.95741564703108, 4.952543955421644, 4.9541370969181875, 4.728526386273803, 5.001779602066146, 2.838769200463924, 3.1109513625148786]  [1.9741035390164892, 1.986591866541887, 1.9869796305999008, 1.986996016116184, 1.9869967241425974, 1.9869967538217748, 1.9869967243016986, 1.986996016323893, 1.986979631209206, 1.9865918666139661, 1.974103538764973]
24  0.3  8.12066719646587e-6  -233.50989624338294 [3.384164755182102, 3.4796392593945806, 5.230324857658177, 5.325652537989366, 5.302661352705222, 5.302531366884219, 5.302881576741097, 5.302898347416539, 5.302893496740972, 5.302893432346826, 5.302893505840682, 5.302893509190914, 5.302893507296163, 5.302893510764892, 5.302893501062381, 5.302893437042277, 5.302881579900095, 5.302898350979751, 5.302661353676738, 5.30253136850124, 5.2303248570638505, 5.325652538087495, 3.3841647549523755, 3.4796392593582066]  [1.997665746588585, 1.998882013913604, 1.9988915738364692, 1.9988916867124726, 1.9988916880309389, 1.998891688086132, 1.9988916881175418, 1.9988916867188593, 1.9988915738424287, 1.9988820139088523, 1.9976657465957506]
24  0.2  1.4585750312614296e-6  -545.0835287295454 [3.5780368980775403, 3.597486760570574, 5.397614806796904, 5.41705509924529, 5.411940827972986, 5.41193138967342, 5.411946308263312, 5.411946439859655, 5.411946396924168, 5.411946396776363, 5.411946394174255, 5.411946394175089, 5.411946393006653, 5.411946393007299, 5.411946397726608, 5.411946397578632, 5.411946307960622, 5.4119464395570365, 5.411940830676153, 5.411931392376551, 5.397614806572931, 5.417055099021109, 3.5780368980776407, 3.5974867605705505]  [1.9999124211762678, 1.9999589205881532, 1.99995898638977, 1.9999589865389018, 1.999958986534698, 1.9999589865284677, 1.9999589865341116, 1.9999589865397012, 1.9999589863936145, 1.9999589205921238, 1.9999124211759092]
24  0.1  4.258144380293792e-6  -2198.7677052548024 [3.6220736302993704, 3.6232973169433076, 5.435021151538274, 5.436244797315511, 5.435916836773607, 5.435916795938885, 5.435916855402139, 5.435916855434288, 5.435916855422668, 5.435916855423466, 5.435916855423552, 5.435916855424381, 5.435916855423079, 5.435916855423157, 5.435916855423989, 5.435916855423028, 5.435916855402951, 5.435916855433702, 5.435916836773783, 5.435916795938729, 5.435021151537954, 5.4362447973146395, 3.622073630300238, 3.6232973169435816]  [1.999999661035185, 1.999999841715401, 1.9999998417310274, 1.9999998417310296, 1.999999841731029, 1.9999998417310296, 1.9999998417310296, 1.9999998417310303, 1.9999998417310274, 1.9999998417154012, 1.9999996610351842]
