40  3.0  2.4380682316281165e-13  -351.0042603090092 [-0.9999900230300584, -0.4999975199299008, -1.499980046034528, -0.49999504025798924, -1.4999800456476924, -0.4999950402920069, -1.4999800456481003, -0.49999504028861996, -1.4999800456457872, -0.4999950402905514, -1.4999800456483907, -0.4999950402921381, -1.4999800456487562, -0.49999504028792563, -1.4999800456462422, -0.4999950402891675, -1.4999800456480918, -0.4999950402914667, -1.499980045647093, -0.4999950402922573, -1.4999800456460266, -0.4999950402931879, -1.4999800456477848, -0.4999950402918432, -1.4999800456476002, -0.49999504029040104, -1.4999800456462005, -0.4999950402927506, -1.4999800456484336, -0.4999950402930166, -1.4999800456486025, -0.49999504029172853, -1.4999800456485346, -0.49999504029170616, -1.4999800456486576, -0.4999950402905251, -1.4999800460355175, -0.499995040256191, -0.9999900230308999, -0.49999751992933417]  [0.004036043903800515, 0.004036081010351704, 0.004036080930971467, 0.0040360814914691965, 0.004036080992681837, 0.004036080812687484, 0.0040360816158589285, 0.00403608101882335, 0.004036080943784627, 0.004036081052439774, 0.004036080965778677, 0.004036080985626646, 0.0040360812292873265, 0.0040360808317323, 0.004036080824484146, 0.004036081013186245, 0.004036080839186568, 0.004036081186020726, 0.0040360438594088475]
40  2.0  5.573009655045751e-12  -156.0485318826801 [-0.9997442164054302, -0.4999364624491546, -1.4994883810366084, -0.49987316579707863, -1.4994881005217608, -0.4998731785522675, -1.499488099936481, -0.4998731785655388, -1.499488099935066, -0.49987317856563973, -1.499488099935077, -0.4998731785655594, -1.4994880999351101, -0.4998731785655447, -1.4994880999350961, -0.4998731785655649, -1.4994880999351057, -0.4998731785655509, -1.4994880999351679, -0.4998731785655341, -1.4994880999351772, -0.4998731785655292, -1.499488099935102, -0.49987317856557606, -1.499488099935172, -0.4998731785656194, -1.4994880999351767, -0.4998731785655269, -1.4994880999352187, -0.4998731785656877, -1.499488099935071, -0.49987317856566155, -1.4994880999364435, -0.4998731785655571, -1.4994881005201919, -0.4998731785521038, -1.4994883810417055, -0.4998731658048392, -0.9997442164112638, -0.49993646245629253]  [0.020430387851389068, 0.020436943479949725, 0.020436955424342644, 0.02043695545290345, 0.020436955452260184, 0.020436955452061832, 0.020436955452474967, 0.020436955452653224, 0.020436955452159632, 0.020436955451118323, 0.020436955451369303, 0.020436955452782637, 0.020436955449947225, 0.020436955450221037, 0.020436955448225505, 0.02043695545373455, 0.02043695542559927, 0.020436943521998686, 0.02043038717722161]
40  1.5  3.058978968364652e-8  -88.05490801838766 [-0.9973804680118581, -0.499050931134389, -1.4947560736888295, -0.498125983939534, -1.4947287840168404, -0.4981282675932071, -1.4947282108930875, -0.4981282984295399, -1.494728196485367, -0.49812829915810636, -1.4947281960635508, -0.4981282992522397, -1.49472819600405, -0.49812829925136853, -1.4947281960288359, -0.4981282992175833, -1.4947281961536674, -0.4981282992326781, -1.494728196046046, -0.498128299188175, -1.4947281959227308, -0.4981282992684536, -1.4947281958594725, -0.49812829934553654, -1.4947281957653573, -0.4981282992679958, -1.4947281957713123, -0.49812829927625574, -1.494728195855206, -0.49812829934864655, -1.4947281962587768, -0.49812829923366125, -1.494728210704051, -0.4981282984278026, -1.4947287839562644, -0.4981282676176749, -1.4947560740491073, -0.4981259839619422, -0.9973804683715803, -0.49905093111403004]  [0.0720833205500728, 0.07227303149543783, 0.07227657740976995, 0.07227665949803759, 0.07227666210131369, 0.0722766627285777, 0.07227666247505315, 0.07227666164803294, 0.07227666173077675, 0.07227666218669218, 0.07227666329603949, 0.07227666348661742, 0.07227666296864851, 0.07227666330945569, 0.07227666351850655, 0.07227666051079633, 0.07227657768841433, 0.07227303157740939, 0.07208331751421068]
40  1.0  4.030314848998204e-9  -42.544907364537686 [-0.9251121422283017, -0.4779619770783247, -1.3456378840509706, -0.47474583232142875, -1.3217566794777755, -0.4866691289194487, -1.3089586455631543, -0.49394497086539546, -1.3010841909972022, -0.4988484966485979, -1.2959077613929917, -0.5022612102851057, -1.292424821036998, -0.5046453485917041, -1.2901181914426831, -0.5062642548655044, -1.2887046916671465, -0.5072723559542293, -1.2880316766135091, -0.5077566824143063, -1.2880316757145875, -0.5077566830273371, -1.2887046895725724, -0.5072723573773671, -1.2901181888913122, -0.5062642565324447, -1.2924248182711346, -0.5046453503400387, -1.2959077589377386, -0.5022612122127814, -1.301084189536648, -0.4988484981691881, -1.30895864490255, -0.49394497138186644, -1.3217566794974611, -0.4866691293306254, -1.3456378845270778, -0.4747458334213048, -0.9251121420530558, -0.47796197741255375]  [0.35596403657648995, 0.37562342979169255, 0.38336556061042315, 0.3871958085678978, 0.38937247194982477, 0.3907020420068895, 0.39153680687850945, 0.3920493963496562, 0.39232854466524786, 0.39241728828859224, 0.3923285455408134, 0.39204939735447386, 0.39153680784623707, 0.3907020430289531, 0.3893724722833408, 0.38719580836005163, 0.38336556077925915, 0.37562342888746664, 0.35596403527960196]
40  0.9  1.8867013761747695e-9  -38.394624151214344 [-0.8105303717100024, -0.45626754499544425, -1.110800441709591, -0.5042418429583465, -1.0149624389838185, -0.58067534400835, -0.9508558934934126, -0.6366822687000792, -0.9065677943445519, -0.6774954830658936, -0.8757700276407862, -0.7067289642654739, -0.854586588986015, -0.7271886389049417, -0.8405089050932496, -0.7409275488968234, -0.83192151437334, -0.7493596408673469, -0.8278553574866512, -0.7533651084830364, -0.8278554288207508, -0.7533650352298427, -0.8319217211834282, -0.749359428061776, -0.8405092305207591, -0.7409272240369178, -0.8545869920076951, -0.7271882597059007, -0.8757704016581114, -0.7067286293008791, -0.9065680691066649, -0.6774952461226471, -0.950856101253369, -0.636682105990588, -1.0149625781509513, -0.5806752262358655, -1.1108005450708176, -0.5042417690245081, -0.8105304452748512, -0.4562675374202405]  [0.5168128944169137, 0.5502993615027678, 0.5629723113303778, 0.5681532541317734, 0.5704285323753446, 0.5714665823385474, 0.571950163200496, 0.5721755001431609, 0.5722741454539417, 0.5723018830999993, 0.5722741462054877, 0.5721754993144583, 0.5719501510387449, 0.5714665561583289, 0.5704285034141642, 0.5681532336195356, 0.5629722713324657, 0.5502993686032284, 0.5168128452600708]
40  0.8  1.5307160876185228e-8  -37.39947727593603 [-0.6765210584297497, -0.4000349421667308, -0.8806901826651226, -0.46350793081442765, -0.7766696466565985, -0.5636329260242341, -0.7241416842251195, -0.6146049609193694, -0.6973649528731305, -0.6410279552563469, -0.6836623654873265, -0.6546457232468322, -0.6766545975837938, -0.6616329321473837, -0.6731037148206734, -0.6651787734987028, -0.6713743639309516, -0.6669068815965178, -0.6706712585793427, -0.6676096949641535, -0.6706712597193898, -0.6676096944775843, -0.6713743649041237, -0.66690688027423, -0.6731037153382795, -0.6651787728724998, -0.6766545981591309, -0.6616329311484218, -0.6836623664414891, -0.6546457227239989, -0.6973649523048376, -0.6410279559455829, -0.7241416822618367, -0.6146049630223049, -0.7766696450558663, -0.5636329275571621, -0.8806901821351318, -0.463507931531788, -0.6765210579599216, -0.40003494224206104]  [0.6739018604796189, 0.6911914353031725, 0.6956240026431888, 0.6965732645704943, 0.696792177924258, 0.6968440388168118, 0.6968565643065903, 0.6968596278074392, 0.6968603743032846, 0.6968605157575851, 0.6968603742648328, 0.6968596279165924, 0.6968565643626848, 0.6968440388215336, 0.6967921776605228, 0.6965732644806095, 0.6956240026694201, 0.691191435476292, 0.6739018603617752]
40  0.7  1.6048467908827342e-8  -41.37752956542407 [-0.4846719848487776, -0.21774062981661618, -0.5239899066121629, -0.1549802730179171, -0.4107823583728395, -0.2673085635370945, -0.3678953849141954, -0.3098947277903817, -0.3505422357078376, -0.32726182294408646, -0.343582232337837, -0.3342232617518043, -0.3407857998221353, -0.33701988844131703, -0.33966612802288987, -0.33813958073151534, -0.33922607686005884, -0.3385796332859425, -0.33907383284053794, -0.3387318768902446, -0.3390738324317065, -0.3387318773904072, -0.33922607516389613, -0.33857963409168973, -0.33966612605860835, -0.33813958203149747, -0.3407857985600675, -0.33701988955362105, -0.34358223259829324, -0.3342232618870544, -0.35054223695124015, -0.3272618230346047, -0.3678953854362089, -0.30989472692831815, -0.4107823593064318, -0.2673085628465796, -0.5239899074805403, -0.15498027307544332, -0.484671984906204, -0.21774062963111362]  [0.8860563099383613, 0.8944319070383855, 0.8962518483938089, 0.8964479817029262, 0.8964767369976008, 0.8964808981442238, 0.8964815176354388, 0.8964816110633569, 0.8964816255316177, 0.8964816272270661, 0.8964816255523489, 0.8964816112773468, 0.8964815180082375, 0.8964808983195178, 0.8964767365432649, 0.8964479816926394, 0.8962518483230424, 0.8944319068623697, 0.8860563099376806]
40  0.6  1.6478203415411165e-7  -57.58305081865272 [0.09796287766105935, 0.4796406928505731, 0.6901605035326928, 1.1654579764683046, 0.9481846255164967, 1.0738742414434428, 1.0017727008540662, 1.043479718709275, 1.0178047448700505, 1.0304779907180053, 1.0223558241791755, 1.026331938817219, 1.0237543238832705, 1.0249873416778337, 1.0241819458754358, 1.0245669040511354, 1.0243134404285805, 1.024436364915785, 1.0243506313884927, 1.0243992988768824, 1.0243506313382942, 1.024399299170665, 1.0243134408905818, 1.024436365306332, 1.0241819464805557, 1.0245669040416188, 1.0237543254802597, 1.0249873411365091, 1.0223558252777551, 1.026331939959166, 1.0178047420210368, 1.0304779950360108, 1.0017726948588974, 1.0434797209787052, 0.9481846193007242, 1.073874243883111, 0.6901604980272127, 1.1654579804332776, 0.09796287261508552, 0.4796406916989011]  [1.3012671273111442, 1.3468669332651264, 1.3529477787394169, 1.3536617956432266, 1.3537549330070018, 1.3537670426476365, 1.353768637236025, 1.353768847963063, 1.3537688753758503, 1.3537688788597206, 1.3537688754571606, 1.3537688480549441, 1.3537686373688143, 1.3537670427688946, 1.353754933258645, 1.3536617957829105, 1.352947777999192, 1.3468669332104009, 1.3012671262399014]
40  0.5  9.645433238722345e-7  -106.4792621367888 [1.6294458040379658, 2.1012998889451753, 3.335854556643728, 3.836789833237823, 3.786765657107786, 3.8233641526171454, 3.828380597679895, 3.8366110469983385, 3.8355111858867525, 3.8363542509914383, 3.836291421528388, 3.8364364160878024, 3.8364092968498342, 3.836426736512405, 3.836423468285903, 3.8364261340454666, 3.836425480436413, 3.8364258286296904, 3.8364257283264553, 3.8364257904317145, 3.8364257256327727, 3.836425787421489, 3.8364254787536094, 3.836425828041636, 3.8364234689654917, 3.8364261362852354, 3.8364092955754523, 3.836426733185069, 3.8362914164979265, 3.836436411859553, 3.835511181942431, 3.836354245968164, 3.828380601702257, 3.836611042372786, 3.78676566211612, 3.8233641546916894, 3.335854556756109, 3.836789838703655, 1.6294457966488374, 2.101299885275747]  [1.8153267794211398, 1.877067971365257, 1.883382465517129, 1.8841464316781946, 1.8842418982768174, 1.8842538684997125, 1.884255369918801, 1.8842555582676215, 1.8842555822198803, 1.8842555842307485, 1.8842555818689823, 1.884255558373962, 1.884255369921624, 1.8842538681411065, 1.8842418974794557, 1.8841464314977288, 1.8833824655956244, 1.8770679720055217, 1.815326778789818]
40  0.4  1.0690920851172574e-6  -205.39296177104046 [2.838769205115812, 3.1109513642903073, 4.728526392980545, 5.001779607121964, 4.952543942489065, 4.9541370851358355, 4.95689162803121, 4.957415631332422, 4.957317129626018, 4.957320050313031, 4.957325193846105, 4.95732621093916, 4.957326010083615, 4.957326020382279, 4.957326047490164, 4.957326045001931, 4.95732605625581, 4.957326055504791, 4.957326061845176, 4.957326072534565, 4.957326060839259, 4.957326081309187, 4.957326069086645, 4.957326083515823, 4.95732607296798, 4.957326083695016, 4.95732605367302, 4.957326069103507, 4.95732524968797, 4.957326258963887, 4.957317155707386, 4.9573200722234345, 4.95689163235234, 4.957415638229263, 4.952543943910618, 4.954137088496472, 4.7285263896711145, 5.001779605837514, 2.838769204265798, 3.1109513651401914]  [1.9741035390520167, 1.9865918665765467, 1.9869796305609118, 1.986996015653755, 1.9869967223850598, 1.9869967518847693, 1.9869967545843836, 1.986996755163886, 1.986996755742208, 1.9869967559713009, 1.9869967563281494, 1.9869967564713618, 1.986996756382116, 1.986996754989816, 1.986996724388693, 1.9869960162170512, 1.9869796306382606, 1.9865918665438802, 1.9741035390183477]
40  0.3  1.7173690944242328e-5  -403.55298169398117 [3.384164755366953, 3.4796392594281738, 5.230324858626232, 5.325652538725235, 5.302661354395369, 5.302531367958376, 5.302881579492651, 5.302898349694971, 5.302893500764235, 5.302893437262437, 5.302893508080757, 5.302893512006352, 5.302893512310438, 5.3028935099825105, 5.302893513743959, 5.302893511449379, 5.302893511658938, 5.302893512116241, 5.302893510283878, 5.302893510953595, 5.302893510729138, 5.302893511214788, 5.302893512558858, 5.302893512944077, 5.302893512774918, 5.302893513129453, 5.3028935121724885, 5.302893512586763, 5.302893507882672, 5.3028935118872145, 5.302893499959194, 5.3028934360863245, 5.302881577138244, 5.30289834767996, 5.302661355012261, 5.302531369155182, 5.230324858779817, 5.325652539221023, 3.384164754990124, 3.479639259396389]  [1.9976657466058398, 1.9988820139136079, 1.9988915738685211, 1.9988916867492716, 1.9988916880670384, 1.9988916881470304, 1.998891688129158, 1.9988916881081256, 1.9988916881174112, 1.9988916881448668, 1.9988916881228258, 1.99889168813056, 1.9988916881288175, 1.9988916881059753, 1.998891688150268, 1.9988916866668764, 1.9988915738934803, 1.9988820138955194, 1.9976657466149677]
40  0.2  2.8557168854946916e-6  -941.6116790411959 [3.5780368980778565, 3.5974867605707272, 5.3976148063460165, 5.417055098794033, 5.4119408276920975, 5.4119313893923415, 5.4119463046461895, 5.4119464362426335, 5.4119463980814135, 5.411946397933887, 5.411946398674118, 5.411946398675283, 5.411946398747364, 5.4119463987478555, 5.411946394711379, 5.411946394712173, 5.411946397533884, 5.4119463975344555, 5.411946398747601, 5.411946398748112, 5.411946398712315, 5.411946398712685, 5.411946396849984, 5.41194639685017, 5.411946393615568, 5.411946393614976, 5.411946392747579, 5.411946392746384, 5.411946394175061, 5.41194639417536, 5.411946395417429, 5.411946395269498, 5.411946310130957, 5.411946441727398, 5.41194083039715, 5.411931392097527, 5.397614806522039, 5.417055098970155, 3.57803689807763, 3.5974867605705345]  [1.9999124211755452, 1.9999589205869797, 1.9999589863835308, 1.9999589865349656, 1.9999589865437493, 1.9999589865448524, 1.9999589865385083, 1.999958986536567, 1.9999589865430276, 1.9999589865449123, 1.9999589865418763, 1.9999589865337177, 1.9999589865271539, 1.9999589865280476, 1.999958986532282, 1.9999589865394773, 1.9999589863966372, 1.9999589205915926, 1.9999124211758261]
