28  3.0  7.993690226625574e-14  -243.00291494762007 [-0.99999002303006, -0.4999975199299012, -1.499980046034494, -0.49999504025760905, -1.4999800456478316, -0.499995040291445, -1.4999800456476529, -0.49999504029174996, -1.4999800456472827, -0.4999950402922812, -1.4999800456478645, -0.4999950402922156, -1.4999800456481591, -0.4999950402914048, -1.4999800456471992, -0.4999950402918953, -1.499980045646373, -0.4999950402932605, -1.4999800456476635, -0.4999950402908305, -1.4999800456490007, -0.49999504028609465, -1.4999800456491836, -0.49999504028677766, -1.4999800460357582, -0.49999504025555486, -0.9999900230304073, -0.4999975199288634]  [0.004036043903887042, 0.004036081077853937, 0.0040360809324889784, 0.00403608105582193, 0.00403608090643076, 0.004036080972239075, 0.004036080990107701, 0.004036081048283632, 0.004036080902746379, 0.004036081232892927, 0.0040360814533659, 0.004036081094140354, 0.004036044015793665]
28  2.0  2.886557145196011e-12  -108.03320576548444 [-0.9997442164046566, -0.49993646244900186, -1.499488381036179, -0.499873165796495, -1.4994881005225738, -0.4998731785523249, -1.499488099936579, -0.4998731785656113, -1.4994880999351152, -0.49987317856559815, -1.4994880999350437, -0.4998731785655808, -1.4994880999350173, -0.49987317856567065, -1.499488099935013, -0.49987317856566066, -1.4994880999350053, -0.49987317856563424, -1.4994880999350773, -0.4998731785655931, -1.4994880999365419, -0.49987317856550334, -1.4994881005203766, -0.4998731785522708, -1.499488381042013, -0.4998731658049392, -0.9997442164114848, -0.4999364624562889]  [0.020430387887511833, 0.02043694346278686, 0.02043695541981457, 0.02043695545248967, 0.020436955450682293, 0.020436955453382845, 0.02043695545180605, 0.020436955451389575, 0.02043695545378872, 0.02043695545122817, 0.020436955423860953, 0.020436943514900094, 0.0204303871697681]
28  1.5  1.9698500204193024e-8  -60.95860757696009 [-0.9973804680017148, -0.4990509311280588, -1.4947560736520578, -0.49812598394374746, -1.4947287839701493, -0.49812826760020945, -1.4947282108381883, -0.498128298423666, -1.4947281964232395, -0.4981282991629431, -1.4947281958918426, -0.49812829927214297, -1.494728195771709, -0.49812829938424985, -1.4947281957448724, -0.49812829935524644, -1.4947281958802197, -0.4981282992581775, -1.4947281964276742, -0.49812829915419615, -1.494728210863283, -0.49812829842800826, -1.4947287839993704, -0.4981282676181672, -1.4947560740599093, -0.49812598396167584, -0.9973804683752682, -0.4990509311152264]  [0.07208332065775021, 0.072273031792704, 0.07227657753547458, 0.07227665986969749, 0.07227666254102925, 0.07227666264050986, 0.07227666384507166, 0.07227666352392743, 0.07227666251382954, 0.07227665968785323, 0.07227657737696927, 0.07227303151539355, 0.07208331747218966]
28  1.0  6.327551060226655e-9  -29.41711227900205 [-0.9252507209853603, -0.47795551117502116, -1.346067769607674, -0.47458400428974107, -1.322659265246852, -0.48620210640067657, -1.3105423106189433, -0.4930041105731957, -1.30360391894335, -0.49723777295199506, -1.2996901181665472, -0.4997409460695799, -1.297905661097855, -0.5009104988046007, -1.2979055678774176, -0.5009105407358311, -1.2996899553388306, -0.4997409922372874, -1.3036039316667023, -0.49723767248296136, -1.3105425283429084, -0.49300394449507157, -1.3226594071824749, -0.4862019100328138, -1.3460678915337243, -0.4745838789239168, -0.9252508215195159, -0.47795550595502967]  [0.3558402124751428, 0.37535302641624674, 0.38291781510465545, 0.3865240202896266, 0.3884082634132816, 0.3893437206394015, 0.38962873068820236, 0.3893438530072201, 0.3884084079127455, 0.3865240392789298, 0.38291760018684934, 0.37535327680294533, 0.3558400558613507]
28  0.9  3.0731562015575705e-9  -26.472870409861457 [-0.8119933501941349, -0.4561445647895044, -1.114598164743532, -0.5022571280929893, -1.0220337197075327, -0.5757372203028104, -0.9622224119759667, -0.6276221251829315, -0.9235875716584795, -0.6628993841834226, -0.9003442754317801, -0.6846956594152436, -0.8894107148210821, -0.6950836522947942, -0.8894101779426883, -0.6950841565599846, -0.9003428983369917, -0.684696955334722, -0.9235856754864342, -0.6629010706256538, -0.9622202577493217, -0.6276239532159443, -1.0220315036068683, -0.5757388513264439, -1.1145967875765554, -0.5022577266834776, -0.8119931879838442, -0.4561445627288143]  [0.516062969725336, 0.549126213140243, 0.5615773472287776, 0.5666242936554463, 0.5687918080723973, 0.5696945943828208, 0.5699423335025386, 0.5696946715862511, 0.5687919402139621, 0.5666245659957994, 0.5615776634753156, 0.5491269010544442, 0.5160629502582148]
28  0.8  9.195054927164909e-9  -25.72745510616781 [-0.6765705729137715, -0.40002619025679376, -0.8808162880786202, -0.46341992387197506, -0.7769347302239761, -0.5634093478717856, -0.724661886272093, -0.6141265639355435, -0.6983717979058887, -0.6400631178827308, -0.6856096738836771, -0.6527407625216017, -0.6804278525973835, -0.6579032797238134, -0.6804278577558214, -0.6579032743769965, -0.6856096891471782, -0.6527407476214921, -0.6983718225332426, -0.640063093730143, -0.7246619215458028, -0.6141265297472, -0.7769347683934185, -0.563409314127556, -0.8808163134988589, -0.4634199069906328, -0.6765705819267352, -0.4000261885420103]  [0.6738910475289072, 0.691175440733033, 0.6956071699069283, 0.6965561140468106, 0.6967747710395662, 0.6968258559281568, 0.6968353117905571, 0.6968258555671933, 0.6967747701599918, 0.6965561130975482, 0.6956071674632609, 0.6911754372777063, 0.6738910457611881]
28  0.7  9.296046178725835e-9  -28.407456580227816 [-0.48467472392481215, -0.21773966472396047, -0.5239976453307267, -0.15497350138076493, -0.4108023402545732, -0.26728996806915467, -0.36794469134888175, -0.309846730535904, -0.35066428107299824, -0.3271411018190268, -0.3438851088272068, -0.3339217064577114, -0.34153861955951126, -0.33626838777185464, -0.3415386197805385, -0.33626838749587024, -0.343885109323786, -0.33392170594075643, -0.3506642813476767, -0.32714110198278545, -0.3679446905104068, -0.30984673045137234, -0.41080233972532654, -0.26728996790227877, -0.523997645377892, -0.15497350107032185, -0.48467472344805296, -0.21773966387629387]  [0.8860562730175384, 0.894431558942425, 0.8962515409451607, 0.8964476626414747, 0.8964764173821951, 0.8964805640672722, 0.8964810908636615, 0.8964805642029128, 0.8964764170906983, 0.8964476628474636, 0.896251541297769, 0.8944315590516099, 0.8860562733864499]
28  0.6  7.09836142990778e-8  -39.445536225922304 [0.09796271343592663, 0.479640754803222, 0.6901599239146052, 1.1654584581006389, 0.9481827641291738, 1.0738759454340179, 1.0017668680105443, 1.043485409760384, 1.0177861207041328, 1.030496448215568, 1.0222960673391976, 1.0263914013489477, 1.0235619565257994, 1.0251784557075188, 1.0235619538267233, 1.0251784516644376, 1.022296065461046, 1.0263914006309303, 1.0177861176910608, 1.0304964538812573, 1.00176686073962, 1.0434854108433014, 0.9481827583604514, 1.0738759408585439, 0.6901599144030084, 1.165458452514765, 0.09796270609731828, 0.47964075237799864]  [1.3012671276802044, 1.3468669096037695, 1.3529477617054348, 1.353661776032379, 1.3537549097077124, 1.3537669913902464, 1.353768374231218, 1.353766990498305, 1.3537549100874635, 1.353661775914176, 1.3529477606551434, 1.3468669074326725, 1.3012671258152702]
28  0.5  5.278438381883664e-7  -72.76640585267191 [1.6294458040056883, 2.101299888874192, 3.335854556388306, 3.8367898339100597, 3.7867656545267065, 3.823364153441812, 3.8283805866242435, 3.836611047935027, 3.835511147649203, 3.836354262574464, 3.836291125159779, 3.836436463000168, 3.836406986499496, 3.836427098497017, 3.8364069864080106, 3.8364270974907604, 3.836291119189891, 3.8364364635852177, 3.8355111402930944, 3.836354258472226, 3.8283805888746323, 3.836611053598191, 3.786765654053695, 3.8233641612117233, 3.3358545569493483, 3.836789835844039, 1.6294458022852127, 2.1012998879159057]  [1.8153267794558907, 1.8770679713518403, 1.8833824652749807, 1.8841464310022806, 1.884241894885227, 1.8842538412512815, 1.8842551547590003, 1.884253841038939, 1.8842418942038344, 1.8841464311808143, 1.8833824656258908, 1.877067971743267, 1.8153267793150207]
28  0.4  6.53805278230258e-7  -140.39864988784734 [2.838769202846225, 3.110951362694604, 4.728526385110461, 5.0017796019239675, 4.9525439177685975, 4.954137067792513, 4.956891566709012, 4.957415593339643, 4.957317069992957, 4.957320025259841, 4.957325162351173, 4.957326195935906, 4.957326001751547, 4.9573260240256865, 4.957326039421396, 4.957326063839167, 4.957325242254765, 4.957326263301303, 4.95731715316152, 4.957320080777306, 4.956891646114089, 4.957415649839238, 4.952543942558172, 4.954137086509453, 4.728526387849985, 5.001779612334827, 2.8387692008761154, 3.1109513645319353]  [1.9741035389047634, 1.9865918659703705, 1.9869796289155306, 1.9869960124337407, 1.986996721288313, 1.9869967507033728, 1.9869967553616164, 1.9869967549275789, 1.9869967244332836, 1.9869960167007645, 1.986979630740012, 1.986591866618762, 1.9741035389768244]
28  0.3  1.2427401316247478e-5  -276.02066556383244 [3.384164755315238, 3.479639259450554, 5.230324858559155, 5.325652538897887, 5.302661354570089, 5.302531368867465, 5.302881580322891, 5.302898351033309, 5.30289350253156, 5.302893438458525, 5.30289351142684, 5.302893515107861, 5.302893510472433, 5.302893511256891, 5.302893509873634, 5.302893510209544, 5.302893508719192, 5.30289351185556, 5.302893497815015, 5.302893433641692, 5.302881576385602, 5.302898346929384, 5.302661354566888, 5.302531368588662, 5.230324859146327, 5.325652539600648, 3.3841647550823195, 3.479639259447247]  [1.9976657466062784, 1.9988820139266772, 1.998891573863313, 1.9988916867544795, 1.9988916881434646, 1.998891688085278, 1.998891688154661, 1.9988916880893317, 1.9988916880250183, 1.998891686777748, 1.9988915738405635, 1.9988820139186103, 1.9976657466111138]
28  0.2  8.454629353165923e-7  -644.2155672430147 [3.5780368980775257, 3.5974867605705607, 5.397614806390845, 5.417055098838981, 5.411940826685396, 5.411931388385685, 5.411946310070702, 5.411946441667223, 5.411946398332267, 5.4119463981846065, 5.411946392628231, 5.4119463926292175, 5.41194639831286, 5.411946398312664, 5.411946392805417, 5.411946392805118, 5.411946392933171, 5.411946392934051, 5.411946397077227, 5.4119463969295305, 5.411946304580232, 5.411946436176653, 5.411940831285307, 5.411931392985556, 5.397614806529699, 5.417055098977789, 3.578036898077637, 3.597486760570601]  [1.9999124211756165, 1.9999589205854438, 1.9999589863906024, 1.9999589865440484, 1.9999589865344776, 1.9999589865344842, 1.9999589865347656, 1.999958986526158, 1.9999589865329566, 1.999958986533254, 1.9999589863891793, 1.9999589205930284, 1.9999124211758394]
28  0.1  1.686515946033777e-8  -2598.550241607183 [3.6220736303002923, 3.623297316943773, 5.43502115153782, 5.436244797314961, 5.435916836773045, 5.435916795938544, 5.435916855402749, 5.435916855434502, 5.4359168554253525, 5.435916855424261, 5.435916855423407, 5.435916855422091, 5.435916855422084, 5.435916855423272, 5.435916855422352, 5.435916855424236, 5.435916855423822, 5.435916855423644, 5.435916855424382, 5.435916855423514, 5.435916855400835, 5.435916855433587, 5.435916836771987, 5.435916795939015, 5.435021151538083, 5.436244797315586, 3.6220736303002745, 3.62329731694381]  [1.9999996610351876, 1.999999841715404, 1.9999998417310305, 1.9999998417310325, 1.999999841731033, 1.9999998417310314, 1.9999998417310316, 1.999999841731032, 1.9999998417310318, 1.999999841731032, 1.9999998417310296, 1.9999998417154035, 1.9999996610351871]
