32  3.0  -3.748149908989846e-13  -279.0033634014176 [-0.9999900230300637, -0.4999975199299032, -1.499980046034304, -0.4999950402581195, -1.4999800456481123, -0.49999504029158076, -1.4999800456483463, -0.49999504029074765, -1.499980045647897, -0.4999950402912712, -1.499980045646754, -0.4999950402896849, -1.4999800456471346, -0.4999950402896048, -1.499980045647885, -0.4999950402906078, -1.4999800456473602, -0.4999950402907076, -1.499980045647617, -0.49999504029124947, -1.499980045647514, -0.4999950402912459, -1.4999800456471792, -0.49999504029137054, -1.4999800456479897, -0.4999950402910964, -1.4999800456476917, -0.4999950402897928, -1.4999800460321313, -0.4999950402539899, -0.9999900230284234, -0.4999975199278264]  [0.0040360439037981, 0.004036081026967214, 0.004036080916803819, 0.00403608112240118, 0.004036080904914569, 0.004036081564579339, 0.004036080856289451, 0.0040360812804349664, 0.0040360809253137805, 0.0040360811511319945, 0.004036080942613307, 0.004036081185104937, 0.00403608085576916, 0.004036081446021137, 0.004036044506017398]
32  2.0  2.5735987758623313e-12  -124.03831447121732 [-0.9997442164054435, -0.49993646244916023, -1.4994883810365316, -0.4998731657970885, -1.4994881005215759, -0.49987317855233543, -1.499488099936323, -0.4998731785655611, -1.499488099934963, -0.49987317856560176, -1.4994880999349576, -0.4998731785656064, -1.4994880999350495, -0.4998731785656195, -1.4994880999350682, -0.4998731785655642, -1.499488099935153, -0.49987317856565144, -1.4994880999351385, -0.4998731785655991, -1.4994880999352036, -0.4998731785656183, -1.4994880999352072, -0.4998731785655876, -1.4994880999366085, -0.4998731785655724, -1.499488100520235, -0.499873178552154, -1.4994883810418502, -0.49987316580484525, -0.9997442164114282, -0.4999364624562833]  [0.020430387850733374, 0.020436943481616496, 0.02043695542786694, 0.020436955454046456, 0.020436955453759436, 0.02043695545375282, 0.020436955451579867, 0.02043695545206995, 0.020436955449671355, 0.020436955451202964, 0.020436955448922007, 0.02043695545066382, 0.02043695542244641, 0.020436943522551817, 0.02043038717195334]
32  1.5  2.3036843991481244e-8  -69.99070772428963 [-0.9973804680034161, -0.49905093112950527, -1.4947560736646968, -0.4981259839447822, -1.4947287839926484, -0.4981282675918601, -1.4947282108680953, -0.4981282984286712, -1.4947281964611443, -0.49812829918572193, -1.494728196044657, -0.4981282992865994, -1.4947281959993322, -0.4981282992596863, -1.4947281959609455, -0.49812829917545853, -1.4947281960588987, -0.4981282992363033, -1.4947281959612806, -0.49812829925332053, -1.4947281959255287, -0.4981282992704713, -1.4947281963722052, -0.4981282992354078, -1.4947282107309992, -0.4981282984184094, -1.4947287839623467, -0.4981282676015269, -1.4947560740309442, -0.4981259839494417, -0.9973804683647454, -0.4990509311116688]  [0.07208332063262139, 0.07227303168803212, 0.07227657749425087, 0.07227665955355979, 0.07227666192742625, 0.07227666277079324, 0.07227666260899224, 0.07227666223160346, 0.07227666201264733, 0.07227666283741155, 0.07227666301666243, 0.07227666032843298, 0.0722765776604677, 0.07227303181998602, 0.07208331760299186]
32  1.0  3.89029734988573e-9  -33.79300001477029 [-0.9251818333042561, -0.47795873225108876, -1.3458535048999245, -0.47466448513884624, -1.3222078995429576, -0.48643481444083164, -1.3097469956029557, -0.4934740015863538, -1.3023309917734807, -0.49804507484036165, -1.2977636505294294, -0.5010109034218069, -1.2950833536874964, -0.5028065699922861, -1.2938364817332724, -0.503656072587795, -1.2938364817071388, -0.5036560726890119, -1.2950833534167663, -0.5028065703373832, -1.2977636504586376, -0.501010903984141, -1.302330992709169, -0.4980450751120601, -1.3097469969700946, -0.49347400112307, -1.3222079008085963, -0.48643481457352067, -1.345853505589701, -0.4746644861194885, -0.9251818331539585, -0.47795873250089105]  [0.35590184271783093, 0.3754886948458676, 0.3831440711810517, 0.38686702551893876, 0.38890731493312625, 0.3900590663982164, 0.39065594834208756, 0.3908413596685945, 0.39065594837246115, 0.3900590663301692, 0.38890731431320813, 0.3868670239800131, 0.38314407040752285, 0.3754886933062567, 0.3559018417603764]
32  0.9  8.445494657609931e-10  -30.44623935933138 [-0.8111841435468563, -0.4562125978144296, -1.1124966748712715, -0.5033551203872931, -1.0181199079952898, -0.5784692797110119, -0.9559297363043726, -0.6326341011852723, -0.9141609206178457, -0.670973153048813, -0.8867234941599549, -0.6968828580680736, -0.870087856197763, -0.7128405320732267, -0.862234371156801, -0.7204341326971182, -0.8622342893264685, -0.720434213664219, -0.8700875805788552, -0.7128408008386746, -0.886723027329789, -0.6968832994659124, -0.91416033990225, -0.6709736758227844, -0.9559291663792205, -0.6326345763009105, -1.0181194619224223, -0.5784695827391048, -1.1124964019049886, -0.5033552629107032, -0.8111840162391775, -0.45621260508784284]  [0.5164778854888037, 0.549776397616362, 0.5623522802016016, 0.5674781883555207, 0.5697158940724995, 0.5707161506278912, 0.5711426607398138, 0.5712610056842649, 0.5711426620940232, 0.5707161698221362, 0.5697159337233835, 0.5674782635823757, 0.5623523584648218, 0.5497764998470064, 0.516477953460707]
32  0.8  1.1279852641504606e-8  -29.618110556402115 [-0.6765334627176075, -0.40003274969872427, -0.8807217739739093, -0.4634858836334377, -0.7767360538436291, -0.5635769157507737, -0.7242720028304831, -0.6144851110521747, -0.6976171803341229, -0.6407862327062479, -0.6841501702359851, -0.6541684504512956, -0.6775997154566864, -0.6606984255841845, -0.6749378995609568, -0.6633555106318962, -0.6749379001615397, -0.663355509947297, -0.6775997173586085, -0.6606984241075563, -0.6841501721954762, -0.6541684485775127, -0.6976171819709489, -0.6407862312199699, -0.7242720038689956, -0.6144851102726527, -0.7767360545329589, -0.5635769151281287, -0.8807217749305362, -0.46348588386142553, -0.6765334629193912, -0.40003275005128947]  [0.6738991516722945, 0.6911874290679267, 0.695619788494876, 0.6965689796172119, 0.6967878640490233, 0.6968396733112523, 0.6968520092202402, 0.6968543172906407, 0.6968520090579087, 0.6968396731816737, 0.6967878637625379, 0.6965689794579237, 0.6956197884776133, 0.6911874290217309, 0.6738991510431035]
32  0.7  6.998192472197237e-9  -32.73081330405731 [-0.48467241740803635, -0.2177404774417882, -0.523991128635451, -0.15497920369810342, -0.41078551370773886, -0.26730562685452064, -0.36790317166626196, -0.30988714780265725, -0.3505615101334181, -0.3272427581216603, -0.34363006416977715, -0.334175639017113, -0.34090468858070094, -0.3369012080436238, -0.3399618440107299, -0.33784407237894454, -0.33996184350813974, -0.3378440722697466, -0.3409046877577789, -0.3369012075474713, -0.3436300636969324, -0.33417563832680075, -0.3505615101037164, -0.327242758215279, -0.36790317132513284, -0.30988714697107866, -0.4107855148268429, -0.2673056263295153, -0.523991129855776, -0.15497920341836802, -0.4846724175230393, -0.21774047693647824]  [0.8860563040750319, 0.8944318521731113, 0.8962517999118356, 0.8964479312725377, 0.8964766864915958, 0.8964808477847231, 0.8964814654118154, 0.89648154442863, 0.8964814654347892, 0.8964808480648865, 0.8964766869318472, 0.8964479316021476, 0.8962517998377153, 0.8944318518520971, 0.8860563041835484]
32  0.6  1.139543925965095e-7  -45.491374365703734 [0.09796286214160406, 0.47964069874902576, 0.6901604484126418, 1.1654580230285756, 0.948184446631366, 1.0738744049739486, 1.001772140831103, 1.0434802625652857, 1.0178029581111725, 1.0304797600632765, 1.0223500984198077, 1.026337648636244, 1.0237359228202754, 1.0250057105370562, 1.0241227612859638, 1.0246259290191593, 1.0241227576982939, 1.0246259267455897, 1.023735917761839, 1.0250057093742158, 1.0223500974792656, 1.0263376486111953, 1.017802956258508, 1.030479765277434, 1.0017721344029007, 1.0434802681008524, 0.9481844410038358, 1.0738744066594395, 0.6901604416416502, 1.165458025531243, 0.09796285563153972, 0.4796406974321435]  [1.3012671273889587, 1.346866931145451, 1.3529477769239637, 1.35366179323311, 1.3537549310852837, 1.3537670403396547, 1.3537686313770476, 1.3537688141218869, 1.3537686300859768, 1.3537670399487172, 1.353754931165829, 1.353661793769881, 1.3529477765315685, 1.3468669305706926, 1.3012671261027027]
32  0.5  5.58972705876936e-7  -84.00402472853906 [1.6294458042106237, 2.1012998888640793, 3.3358545571901908, 3.8367898338241133, 3.786765657749644, 3.823364153883599, 3.828380599615251, 3.8366110474266018, 3.8355111876200336, 3.8363542510489936, 3.8362914195547146, 3.8364364160702857, 3.836409256616962, 3.836426745112355, 3.836423170919046, 3.8364261873188914, 3.8364231739308203, 3.8364261881112514, 3.836409256593802, 3.8364267443407085, 3.836291410128166, 3.8364364128904307, 3.835511177113389, 3.8363542488297737, 3.8283805944815654, 3.836611047025659, 3.7867656534237817, 3.823364156905182, 3.335854553951006, 3.8367898361352397, 1.629445804140801, 2.101299888218506]  [1.8153267794699963, 1.8770679714680663, 1.8833824654976725, 1.8841464320125867, 1.8842418982784217, 1.884253868129952, 1.8842553665292612, 1.884255531236719, 1.884255366736799, 1.8842538678308305, 1.8842418972416701, 1.8841464314297935, 1.8833824654420617, 1.8770679713529579, 1.8153267794207286]
32  0.4  1.4279207934488617e-6  -162.06341987934982 [2.838769204111483, 3.1109513638155972, 4.728526390680827, 5.001779606267786, 4.95254393702846, 4.954137082529311, 4.956891628602426, 4.957415633881671, 4.957317148806624, 4.957320065766419, 4.9573252451854515, 4.957326255510811, 4.957326046761879, 4.957326062623915, 4.957326072733316, 4.957326080253386, 4.957326074396144, 4.957326079709331, 4.957326060093736, 4.957326069695533, 4.957325246135746, 4.957326254074346, 4.957317154501839, 4.957320074494099, 4.956891632090768, 4.957415640434375, 4.952543940549172, 4.954137088344211, 4.728526391975128, 5.001779608156188, 2.8387692049992292, 3.1109513647022444]  [1.9741035390194825, 1.9865918663825062, 1.9869796303999478, 1.9869960158602569, 1.9869967241755166, 1.9869967547336425, 1.9869967562333577, 1.9869967563725384, 1.9869967563951119, 1.9869967550117584, 1.9869967243046993, 1.986996016211115, 1.9869796306076215, 1.9865918665851536, 1.9741035390659238]
32  0.3  1.204979416163822e-5  -318.53143956984735 [3.3841647552063043, 3.47963925935819, 5.230324860555099, 5.325652540787525, 5.30266135424094, 5.302531368404521, 5.302881575476898, 5.302898346294311, 5.302893499630428, 5.302893435888409, 5.302893511894044, 5.302893515384071, 5.302893512880736, 5.3028935131953325, 5.302893511096808, 5.302893511303379, 5.302893510695494, 5.302893511166656, 5.302893510095382, 5.302893510944751, 5.302893505878315, 5.302893509613819, 5.302893498221705, 5.3028934333434155, 5.302881579536303, 5.302898349223543, 5.302661353231329, 5.302531367427386, 5.230324857990498, 5.325652538294817, 3.384164755446465, 3.4796392596179464]  [1.9976657466372942, 1.9988820138638128, 1.998891573890607, 1.99889168672964, 1.9988916881076, 1.9988916881136607, 1.9988916881397534, 1.9988916881368781, 1.9988916880975114, 1.9988916880930863, 1.998891688113118, 1.9988916867030817, 1.9988915738137911, 1.998882013968355, 1.9976657465875451]
32  0.2  2.614455753678347e-6  -743.3476034634774 [3.5780368980776336, 3.5974867605706082, 5.397614806609682, 5.417055099057819, 5.411940825615936, 5.411931387316164, 5.411946309760014, 5.411946441356284, 5.411946398804729, 5.41194639865706, 5.411946395009256, 5.411946395010477, 5.411946396796379, 5.411946396796601, 5.411946398798074, 5.411946398798342, 5.41194639622949, 5.411946396229977, 5.411946396198871, 5.411946396199367, 5.411946395002354, 5.41194639500338, 5.411946393548505, 5.411946393400765, 5.411946309183916, 5.41194644078033, 5.4119408307659125, 5.411931392466239, 5.397614806563667, 5.417055099011945, 3.5780368980776593, 3.5974867605706495]  [1.9999124211759698, 1.9999589205840866, 1.9999589863883982, 1.9999589865443081, 1.9999589865390426, 1.9999589865358656, 1.99995898654193, 1.9999589865410208, 1.9999589865368608, 1.9999589865348981, 1.9999589865306204, 1.9999589865349754, 1.9999589863957157, 1.999958920592252, 1.999912421175896]
32  0.1  9.336523327332195e-6  -2998.3327630351387 [3.6220736302998784, 3.6232973169435683, 5.43502115153748, 5.4362447973153, 5.4359168367730275, 5.43591679593876, 5.435916855403275, 5.435916855434399, 5.435916855424964, 5.435916855424114, 5.435916855424758, 5.435916855424258, 5.435916855423399, 5.435916855424271, 5.43591685542219, 5.435916855423677, 5.435916855423244, 5.435916855423562, 5.435916855423114, 5.435916855423362, 5.435916855425134, 5.435916855423865, 5.43591685542676, 5.4359168554221355, 5.435916855404955, 5.435916855431873, 5.4359168367751, 5.435916795936723, 5.435021151538475, 5.436244797313026, 3.622073630300261, 3.623297316943039]  [1.999999661035186, 1.999999841715402, 1.9999998417310292, 1.9999998417310318, 1.9999998417310318, 1.999999841731032, 1.9999998417310312, 1.9999998417310318, 1.9999998417310312, 1.999999841731031, 1.9999998417310318, 1.999999841731031, 1.9999998417310292, 1.9999998417154021, 1.9999996610351856]
