16  3.0  -1.598754444739112e-14  -135.00156958622927 [-0.999990023030059, -0.49999751992990077, -1.49998004603469, -0.4999950402587105, -1.4999800456488004, -0.49999504029238134, -1.4999800456476813, -0.4999950402910644, -1.4999800456477392, -0.49999504029076697, -1.4999800456472, -0.49999504028966874, -1.4999800460312196, -0.49999504025297825, -0.9999900230282479, -0.49999751992658303]  [0.004036043903825438, 0.004036080867437956, 0.004036080833968662, 0.004036081260538059, 0.0040360808726267175, 0.004036081527328786, 0.00403604473471216]
16  2.0  7.280584410422892e-13  -60.01998259451214 [-0.9997384474753811, -0.49990468820473744, -1.4994768465229638, -0.49980961737006385, -1.499476574818909, -0.49980963564143244, -1.499476574248565, -0.4998096356600787, -1.499476574247908, -0.49980963565976927, -1.4994765748166974, -0.49980963564114994, -1.499476846528109, -0.49980961738210644, -0.9997384474821567, -0.4999046882168291]  [0.022833628655142907, 0.02283968978163199, 0.022839701125458623, 0.022839701188063687, 0.022839701156381963, 0.02283968984153364, 0.02283362763419274]
16  1.5  4.215464059156513e-9  -33.86230713771466 [-0.9973804690955203, -0.4990509312531827, -1.4947560823764867, -0.4981259832073765, -1.494728801361268, -0.4981282654797677, -1.4947282322050142, -0.4981282966356504, -1.4947282280469787, -0.4981282971156198, -1.4947287974752204, -0.4981282661700645, -1.494756083693493, -0.49812598374702893, -0.9973804697271741, -0.49905093116863736]  [0.07208331486791876, 0.07227295662335176, 0.07227648437746842, 0.07227655421463082, 0.07227652495897256, 0.07227295210232634, 0.0720833059834472]
16  1.0  2.06615656053199e-9  -16.29026282617503 [-0.9259923629672557, -0.4779200936341654, -1.3484168550566547, -0.473715886395338, -1.32777409826516, -0.4836558225833338, -1.320035993982448, -0.4877090465335925, -1.3200359940364554, -0.48770904656207575, -1.3277740983575204, -0.4836558229734961, -1.3484168551011662, -0.47371588689640165, -0.9259923630291776, -0.4779200938293583]  [0.3551618028250311, 0.37379303110836026, 0.38009800044939884, 0.3817168407544339, 0.3800979997068207, 0.3737930309548327, 0.35516180223867755]
16  0.9  1.7642054063778068e-9  -14.564920104455464 [-0.8210994864420819, -0.455374036333367, -1.1383654981772033, -0.48989445129870685, -1.0667220451161332, -0.5448876201792339, -1.0351260658132322, -0.5707391127836188, -1.0351260641714533, -0.5707391140651289, -1.0667220424614476, -0.5448876230964551, -1.1383654956413736, -0.4898944540446011, -0.821099484175669, -0.4553740367001016]  [0.5113484565203623, 0.5415305831878945, 0.5519081869420149, 0.5544490796690327, 0.5519081884149025, 0.5415305825960561, 0.5113484574372468]
16  0.8  2.8185299002083963e-9  -14.057791301823059 [-0.6792142480184891, -0.3995584185232416, -0.8875544552044013, -0.45871947934867663, -0.7911176629962687, -0.5514657001012488, -0.7525545258365479, -0.5885713296003041, -0.7525545266912838, -0.5885713283448436, -0.7911176666304507, -0.5514656964214153, -0.8875544591315262, -0.4587194784096136, -0.6792142482248202, -0.39955841906720624]  [0.6733118627020279, 0.6903079698693015, 0.6946448829205674, 0.6953642364943156, 0.6946448832775189, 0.6903079688804112, 0.6733118620373062]
16  0.7  1.6107158212149256e-8  -15.437821384095688 [-0.4853236914739386, -0.21751084546553853, -0.5258316889922581, -0.15336849810859648, -0.4155390127519625, -0.26288133460893576, -0.37963405375802806, -0.2984664390885633, -0.37963393086374925, -0.2984665664772786, -0.41553870933128056, -0.26288164212931514, -0.5258314643587046, -0.15336873921274957, -0.48532367213874583, -0.2175109312120449]  [0.8860475008461539, 0.8943484120438878, 0.8961739926961659, 0.896338291735608, 0.896173999080659, 0.8943484308667053, 0.8860474549158412]
16  0.6  6.88748749189839e-7  -21.308110175965894 [0.09779742900274979, 0.4796990061604956, 0.6895572870308235, 1.1659223535300443, 0.9461552108936381, 1.0755991908558338, 0.995197194913612, 1.0492989776676678, 0.9952035073692329, 1.049268402231304, 0.9461578449654694, 1.075567947546541, 0.6895532651667102, 1.1659227037421833, 0.0977954382093481, 0.4796983768784273]  [1.3012663699101479, 1.3468347413539368, 1.3529024381537795, 1.3535130921290728, 1.3528945831341899, 1.346834708168608, 1.3012658584890588]
16  0.5  2.2373072317932263e-7  -39.05355020815773 [1.6294426624349905, 2.1012986853542244, 3.335836522184458, 3.8367888641636463, 3.78662940863986, 3.823372763331848, 3.827464152436503, 3.836537527283205, 3.8274641498823265, 3.836537524689772, 3.7866294115242525, 3.823372766424691, 3.3358365238482257, 3.8367888659269735, 1.6294426621737508, 2.10129868494485]  [1.8153264209634306, 1.8770659726012104, 1.883368569597244, 1.8840370046971948, 1.883368569547895, 1.8770659730589276, 1.8153264209618913]
16  0.4  5.549777597617495e-7  -75.40433768854331 [2.8387692021100435, 3.1109513631576773, 4.728526374036127, 5.001779593981652, 4.952543115692981, 4.954137263105112, 4.9568827086401415, 4.9574096332137, 4.956882711144135, 4.957409635772937, 4.952543114111484, 4.954137265736222, 4.7285263751580535, 5.001779597972439, 2.8387692035873355, 3.110951363346784]  [1.9741035389143105, 1.9865918650566918, 1.9869795985024012, 1.9869952759403842, 1.9869795985063492, 1.9865918651698546, 1.9741035390127877]
16  0.3  4.570083550359015e-6  -148.48835253728572 [3.3841647551999037, 3.479639259403366, 5.230324860498262, 5.325652540816067, 5.302661354066363, 5.302531370991071, 5.302881567513021, 5.302898273536948, 5.302881567871537, 5.302898274212099, 5.302661352832955, 5.30253137024039, 5.230324859646473, 5.325652540035101, 3.3841647552297562, 3.4796392593367313]  [1.9976657466380727, 1.9988820138910888, 1.9988915738387378, 1.9988916854190513, 1.9988915737812727, 1.9988820139186851, 1.9976657466266907]
16  0.2  7.805878224344999e-7  -346.81945362735905 [3.578036898077656, 3.5974867605706216, 5.39761480665657, 5.417055099104845, 5.411940826529445, 5.411931388230876, 5.411946308072439, 5.41194643952125, 5.411946310097608, 5.411946441546469, 5.411940829227004, 5.411931390928391, 5.39761480642274, 5.417055098870924, 3.5780368980776447, 3.5974867605706162]  [1.9999124211760415, 1.9999589205856194, 1.9999589863871194, 1.9999589865412997, 1.9999589863946756, 1.999958920589562, 1.999912421175667]
16  0.1  9.669179594802127e-7  -1399.2026475489336 [3.6220736303, 3.6232973169436304, 5.43502115153763, 5.43624479731557, 5.4359168367734005, 5.435916795939583, 5.4359168554026684, 5.435916855434176, 5.435916855401993, 5.435916855434609, 5.435916836772362, 5.4359167959393915, 5.435021151537648, 5.436244797315126, 3.6220736303002656, 3.623297316943699]  [1.9999996610351842, 1.9999998417154008, 1.999999841731028, 1.99999984173103, 1.9999998417310274, 1.999999841715401, 1.9999996610351847]
