8  3.0  2.486942603920767e-14  -63.00067267863567 [-0.9999900230300584, -0.49999751992989777, -1.4999800460345492, -0.4999950402572736, -1.4999800460353734, -0.49999504025664804, -0.9999900230308827, -0.4999975199292721]  [0.00403604390442588, 0.00403608112400036, 0.004036043872215917]
8  2.0  2.0631481607336416e-13  -28.00766223683131 [-0.999744216407356, -0.49993646244912227, -1.499488381623489, -0.49987316578269014, -1.499488381630187, -0.49987316579115887, -0.9997442164127195, -0.49993646245625656]  [0.020430387823082645, 0.02043693150012752, 0.020430387155186358]
8  1.5  3.841824450998857e-9  -15.798106839780697 [-0.9973804820474816, -0.49905093075530155, -1.4947566606703273, -0.49812595288464373, -1.4947566610502159, -0.4981259528818629, -0.9973804824075118, -0.49905093073267964]  [0.07208323842088908, 0.07226940379070809, 0.07208323545009006]
8  1.0  1.8290512424596968e-13  -7.542187936712518 [-0.9297458708681817, -0.47772333467749806, -1.361372266760595, -0.4692493324361027, -1.3613722668573698, -0.46924933244081163, -0.929745870871178, -0.47772333458842864]  [0.3514386617626841, 0.3631290036256089, 0.35143866182399697]
8  0.9  4.532300475847255e-13  -6.660515879675325 [-0.846412894370726, -0.45312531200681166, -1.207285223242261, -0.455214451554626, -1.207285223303685, -0.45521445151737483, -0.8464128944341651, -0.45312531197157635]  [0.49732716860894866, 0.5135774176274902, 0.49732716858944825]
8  0.8  7.521061448228045e-13  -6.3068772651822265 [-0.7111951423324891, -0.3937542327903588, -0.9704987929559734, -0.401418993798442, -0.9704987931354725, -0.40141899338404746, -0.71119514290971, -0.39375423277368604]  [0.6658250435251275, 0.675701783733875, 0.6658250433145495]
8  0.7  9.907721327342991e-10  -6.807217123442758 [-0.5086083145782878, -0.2090757337233648, -0.5921339039039333, -0.09600678219272515, -0.5921339039341511, -0.09600678228933192, -0.5086083144818565, -0.20907573369332566]  [0.8856601185132462, 0.8891391164751845, 0.885660118525797]
8  0.6  7.318657272053667e-9  -9.226143852424979 [0.07773216874495456, 0.48590197734233276, 0.6126271748308927, 1.20448919942717, 0.6126271748598502, 1.2044891994407658, 0.07773216877253009, 0.485901977354543]  [1.3008523036333048, 1.336797717115998, 1.3008523036426243]
8  0.5  -2.914519820265681e-12  -16.58090063509267 [1.6189771337279433, 2.0966221860927443, 3.281204599873707, 3.81749910537453, 3.2812045998737007, 3.8174991053745404, 1.6189771337279326, 2.0966221860927488]  [1.8140366301386084, 1.8689397766290081, 1.8140366301386086]
8  0.4  8.731349765106702e-12  -32.074920687719555 [2.83799556250463, 3.1106503145733386, 4.723314288548316, 4.998157043318153, 4.723314288548308, 4.99815704331815, 2.83799556250462, 3.110650314573333]  [1.9740676413265392, 1.986162028482319, 1.974067641326539]
8  0.3  1.1382981067119397e-6  -63.466810808453346 [3.384141565924993, 3.479632468604592, 5.230080675171797, 5.3252784236634145, 5.230080675153853, 5.325278423865099, 3.3841415656922176, 3.479632468591297]  [1.997665447276625, 1.998872137443751, 1.997665447277034]
8  0.2  -9.805059430403918e-9  -148.5553785969851 [3.578036721493398, 3.5974867150960788, 5.397609150277512, 5.41704000453571, 5.397609144844109, 5.417039999102315, 3.578036721493369, 3.5974867150960588]  [1.9999124207472379, 1.9999588543462168, 1.9999124207385448]
8  0.1  1.0879584976004978e-6  -599.6375838880355 [3.6220736302570913, 3.6232973169329377, 5.4350211328652005, 5.436244737808701, 5.435021132863994, 5.436244737807504, 3.622073630257224, 3.6232973169330807]  [1.999999661035177, 1.9999998416997664, 1.9999996610351767]
