20  3.0  0.0001203405706766193 0.00024068122881647054 0.0001203405706784439
20  2.0  0.0023384048506992793 0.004676870152958151 0.0023384048755448316
20  1.5  0.018554213944102397 0.037115318495647004 0.01855423895473043
20  1.0  0.29652704005294195 0.6007856543700172 0.2970938546683877
20  0.9  1.397994536031617 1.927480464597871 1.3371755482082675
20  0.8  1.5498687656860757 2.19109415773348 1.4848586556102317
20  0.7  1.6971938758750948 2.4565339459382156 1.629703955033801
20  0.6  1.8709469067670383 2.7781256263431784 1.8033250280179247
20  0.5  2.0180481979432434 3.0507311183567665 1.9520002594072512
20  0.4  2.086400213023817 3.176719838819144 2.0229181729738817
20  0.3  2.1173203461231678 3.242813080620587 2.062642039149557
20  0.2  2.131452985653104 3.275460097749482 2.080711265483865
20  0.1  2.1335282318427704 3.2773113502396636 2.0761434111138
20  3.0  0.0001203405706766193 0.00024068122881647054 0.0001203405706784439
20  2.0  0.0023384048506992793 0.004676870152958151 0.0023384048755448316
20  1.5  0.018554213944102397 0.037115318495647004 0.01855423895473043
20  1.0  0.9253481041936026 1.6132976194774984 0.9187526285261833
20  0.9  1.0509990759994856 1.8585356371946962 1.0506755957336573
20  0.8  1.139647488046154 2.0226060196226996 1.139636944594666
20  0.7  1.2485245095964224 2.2378709791894615 1.2485225058037828
20  0.6  1.3893143513847988 2.533140538586136 1.3893039354840457
20  0.5  1.499422611478492 2.7685592108943835 1.4994168571791189
20  0.4  1.543477143148304 2.859419251236264 1.54347692867889
20  0.3  1.5564451161153539 2.8834751155346314 1.5564451155811658
20  0.2  1.5599510237291168 2.8892134826090965 1.5599510237453054
20  0.1  1.5606641213098331 2.890302251572425 1.5606641213098293
