120  3.0  0.00012034057067484121 0.0002406812288126551 0.00012034057067463014
120  2.0  0.0023384048509567765 0.004676870129256624 0.0023384048515753646
120  1.5  0.018554213886903616 0.037115293353726715 0.01855421388281445
120  1.0  0.2964846842558969 0.600112564180288 0.2964846842570239
120  0.9  0.4971155313866098 1.0294947785982618 0.4971155312519953
120  0.8  0.6689402658205313 1.460692681885352 0.6689402657098571
120  0.7  0.7299782110608402 1.7228819539376183 0.7299782110608077
120  0.6  0.7472948541420548 1.8938200043804916 0.7472948541522882
120  0.5  1.4994241349409019 2.7685645125320755 1.4994241349263127
120  0.4  1.543477173139417 2.859419414361585 1.5434771731355281
120  0.3  1.556445116173607 2.883475115133809 1.5564451161693325
120  0.2  1.5599510237383125 2.8892134825608617 1.5599510237440326
120  0.1  1.5606641213098376 2.890302251572418 1.5606641213098467
