16  3.0  0.00023233582144549462 0.00045090878791606196 0.00023233371486763542
16  2.0  0.004556478004944662 0.00874854261419627 0.0045563307992615345
16  1.5  0.03719504518106179 0.07038786920011257 0.03719483029300248
16  1.0  0.2977702374962424 0.6177367920840731 0.31235808756887035
16  0.9  1.3255825065015718 1.8052967297361224 1.244143018478617
16  0.8  1.481923967565111 2.0663675373397474 1.390937057310929
16  0.7  1.6349339918566672 2.3356273624833492 1.538762027752448
16  0.6  1.8153090166828671 2.660301191464007 1.7196779907285251
16  0.5  1.9725602399906097 2.9425740525654724 1.8792060832114619
16  0.4  2.043016502570431 3.067398483029584 1.9529441260585978
16  0.3  2.0642668254924046 3.104961623692919 1.9747460753306767
16  0.2  2.072364666186512 3.1174649698947556 1.9769951623022153
16  0.1  2.0779366452433212 3.1256102821211704 1.973431618386994
16  3.0  0.00023233582144549462 0.00045090878791606196 0.00023233371486763542
16  2.0  0.004556478004944662 0.00874854261419627 0.0045563307992615345
16  1.5  0.03719504518106179 0.07038786920011257 0.03719483029300248
16  1.0  0.8861486384378128 1.5492749407236037 0.8726377495677021
16  0.9  1.0494538877549768 1.8577482727246921 1.0475806744703444
16  0.8  1.139607790303572 2.023912413749134 1.1394795938881659
16  0.7  1.2485188607913997 2.238383656208813 1.2484459840777344
16  0.6  1.3892893912487858 2.533080980404319 1.3890706015402277
16  0.5  1.4994097050645596 2.7684448945133706 1.4992947435813708
16  0.4  1.543476692043866 2.859408065862662 1.5434666514714899
16  0.3  1.5564451212728663 2.8834747874656292 1.556444900888666
16  0.2  1.5599510668156187 2.8891530079285666 1.5599480959340413
16  0.1  1.5606641215945845 2.890297934716426 1.5606641239107804
