80  3.0  0.00012034057067662434 0.00024068122881509612 0.00012034057067706438
80  2.0  0.002338404850987621 0.004676870129800848 0.0023384048520644052
80  1.5  0.01855421388482617 0.03711529335465073 0.018554213885731204
80  1.0  0.29648468423665253 0.6001125641496298 0.2964846842383936
80  0.9  0.497115530916843 1.0294947777536954 0.4971155308662876
80  0.8  0.6689402659334066 1.4606926820365074 0.6689402657016457
80  0.7  0.7299782110606269 1.7228819539328581 0.729978211060627
80  0.6  1.3893185788942688 2.533124476801614 1.3893185789530975
80  0.5  1.499424134867454 2.7685645125939042 1.4994241348704094
80  0.4  1.5434771730938754 2.859419414321792 1.5434771731084043
80  0.3  1.556445115881561 2.8834751183110505 1.5564451158806343
80  0.2  1.559951023739587 2.889213482462355 1.5599510237394352
80  0.1  1.5606641213098367 2.8903022515724315 1.560664121309833
