48  3.0  0.00012034057067595415 0.00024068122881420572 0.00012034057067617811
48  2.0  0.002338404850950158 0.004676870128555573 0.002338404850861942
48  1.5  0.01855421388393173 0.03711529335676454 0.01855421388693291
48  1.0  0.29648468425575686 0.600112564178539 0.29648468425537366
48  0.9  0.49711553086325305 1.0294947777297025 0.4971155308812276
48  0.8  0.6689402657667688 1.4606926823866384 0.668940266119035
48  0.7  0.7299782111591964 1.7228819559538917 0.729978211721986
48  0.6  0.7472948541897638 1.893820006004425 0.7472948543820157
48  0.5  0.78081870008288 2.0381820159086588 0.7808187026959664
48  3.0  0.00012034057067595415 0.00024068122881420572 0.00012034057067617811
48  2.0  0.002338404850950158 0.004676870128555573 0.002338404850861942
48  1.5  0.01855421388393173 0.03711529335676454 0.01855421388693291
48  1.0  0.29648468425575686 0.600112564178539 0.29648468425537366
48  0.9  0.49711553086325305 1.0294947777297025 0.4971155308812276
48  0.8  0.6689402657667688 1.4606926823866384 0.668940266119035
48  0.7  1.2485253059710224 2.237740395417913 1.2485253059504549
48  0.6  1.3893185789628255 2.5331244768360666 1.3893185789588354
48  0.5  1.4994241349275945 2.7685645126157614 1.4994241349352637
48  0.4  1.5434771718483298 2.859419414194084 1.543477171895456
48  0.3  1.556445115877891 2.883475118417328 1.5564451158776105
48  0.2  1.5599510237394714 2.8892134824807205 1.559951023739577
48  0.1  1.5606641213098311 2.890302251572423 1.5606641213098345
