40  3.0  0.00012034057067595663
40  2.0  0.0023384048506782337
40  1.5  0.018554213883076678 0.037115293355844806 0.018554213886789173
40  1.0  0.29648468425842844 0.6001125642077006 0.2964846842828173
40  0.9  0.49711553151414306 1.0294947836632562 0.4971155356094974
40  0.8  0.6689402762349966 1.4606927939571666 0.6689403344389325
40  0.7  0.7299782291199001 1.7228822454416168 0.7299783344037596
40  0.6  0.7472948700556966 1.8938201926472884 0.7472950059521541
40  0.5  2.0969239631658048 3.2606966817734877 2.0985734529097866
40  0.4  2.139472495762711 3.359596234488317 2.155605831300698
40  0.3  2.0743283793179126 3.331323800356522 2.137487691551814
40  0.2  1.8336241063666179 3.133473269070147 1.9581681032271439
40  0.1  1.8177295972011058 3.1207723975273405 1.9424545445019112
40  3.0  0.00012034057067595663 0.00024068122881398533 0.00012034057067617727
40  2.0  0.0023384048506782337 0.004676870128054422 0.002338404850655708
40  1.5  0.01855421388307733 0.03711529335584545 0.018554213886789822
40  1.0  0.29648468425842744 0.6001125642076998 0.29648468428281627
40  0.9  0.4971155315141426 1.029494783663256 0.49711553560949634
40  0.8  0.6689402762349966 1.4606927939571663 0.6689403344389325
40  0.7  0.7299782291199002 1.7228822454416162 0.7299783344037595
40  0.6  0.7472948700556965 1.8938201926472884 0.7472950059521538
40  0.5  2.096923963165815 3.2606966817735086 2.098573452909798
40  0.4  2.1394724957627207 3.359596234488339 2.15560583130071
40  0.3  2.0743283793179192 3.3313238003565346 2.1374876915518226
40  0.2  1.8336241063666208 3.133473269070153 1.9581681032271483
40  0.1  1.8178624877923504 3.1208853065444893 1.942580800347227
40  3.0  0.00012034057067595663 0.00024068122881398533 0.00012034057067617727
40  2.0  0.0023384048506782337 0.004676870128054422 0.002338404850655708
40  1.5  0.01855421388307733 0.03711529335584545 0.018554213886789822
40  1.0  0.29648468425842744 0.6001125642076998 0.29648468428281627
40  0.9  0.4971155315141426 1.029494783663256 0.49711553560949634
40  0.8  0.6689402762349966 1.4606927939571663 0.6689403344389325
40  0.7  1.2485253059734474 2.2377404248733916 1.248525305961801
40  0.6  1.389318578930794 2.5331244785845253 1.38931857878255
40  0.5  1.4994241343090333 2.76856451292884 1.4994241342959342
40  0.4  1.5434771720268792 2.8594194143556226 1.5434771722050014
40  0.3  1.5564451158806247 2.883475118488866 1.5564451158759836
40  0.2  1.5599510237394967 2.8892134825502183 1.5599510237394352
40  0.1  1.56066412130983 2.890302251572424 1.5606641213098327
