32  3.0  0.00012034057067528852 0.0002406812288128732 0.00012034057067506733
32  2.0  0.0023384048505548567 0.004676870128125517 0.0023384048508367544
32  1.5  0.01855421388664032 0.03711529335384507 0.018554213883050667
32  1.0  0.2964846859268108 0.6001125913116724 0.2964847088314223
32  0.9  0.4971156836517156 1.0294963480094492 0.49711678646485485
32  0.8  0.6689420075504293 1.4607098390944175 0.6689510835407839
32  0.7  1.7880151537025122 2.6360914450120725 1.749862461813196
32  0.6  1.949260520589652 2.948150489107328 1.9161100178482091
32  0.5  2.0811380924504888 3.2039175062584873 2.0497743157055304
32  0.4  2.1366367304549487 3.307577747089799 2.1050473122128004
32  0.3  2.151335694114224 3.3333052460730754 2.1203984558136764
32  0.2  2.154383536854433 3.3375316582488397 2.1221385435315607
32  0.1  2.1549881695742936 3.3378859204585245 2.1214404766760824
32  3.0  0.00012034057067528852 0.0002406812288128732 0.00012034057067506733
32  2.0  0.0023384048505548567 0.004676870128125517 0.0023384048508367544
32  1.5  0.01855421388664032 0.03711529335384507 0.018554213883050667
32  1.0  0.2964846859268108 0.6001125913116724 0.2964847088314223
32  0.9  0.4971156836517156 1.0294963480094492 0.49711678646485485
32  0.8  1.1396502376504098 2.0221112053207393 1.1396502342633177
32  0.7  1.248525305672089 2.2377412684718023 1.2485253035534147
32  0.6  1.3893185757985447 2.533124554450508 1.3893185597056767
32  0.5  1.4994241341721282 2.7685645093480846 1.4994241299691309
32  0.4  1.5434771731355275 2.8594194143381366 1.5434771731138464
32  0.3  1.5564451162102029 2.8834751150473306 1.5564451161798685
32  0.2  1.5599510237369434 2.88921348248743 1.5599510237349448
32  0.1  1.56066412130983 2.8903022515724177 1.5606641213098298
