18  3.0  0.00024068122881608478 0.00012034057067644612 0.0002406816783349305
18  2.0  0.004676870178222674 0.002338404875675196 0.004677110683182291
18  1.5  0.03711534356587933 0.018554238981510523 0.03713604688190469
18  1.0  1.5654282607170205 1.1494018102708397 1.6087010740845984
18  0.9  1.8726275573336333 1.3462545078897594 1.8590466921685984
18  0.8  2.144494963418908 1.4993878540381331 2.1076444623015966
18  0.7  2.415288221497477 1.648945365035188 2.36917546716734
18  0.6  2.7403652133547705 1.8262830737579334 2.6909704780347345
18  0.5  3.018304146457854 1.978529281014959 2.966607217809199
18  0.4  3.1507966341637443 2.0518765483868275 3.099246732467352
18  0.3  3.22686929739633 2.0893955010817535 3.1797677004859346
18  0.2  3.2620125806663363 2.1072939682560685 3.219179060418849
18  0.1  3.2714700892733397 2.1040063661341737 3.215858767820578
18  3.0  0.0004509381129168757 0.00023234994629255624 0.0004509381107817647
18  2.0  0.00875016787241477 0.004557258851379669 0.00875016785380272
18  1.5  0.07038820260831898 0.03719512716674178 0.07038799477362954
18  1.0  1.5853763709503237 0.9064142816920161 1.579590155086585
18  0.9  1.8556521262770074 1.0503845748273613 1.8611407142383036
18  0.8  2.0220719736400268 1.139632728900552 2.0244613733085126
18  0.7  2.2377309374689767 1.248522023455632 2.2385245682677293
18  0.6  2.533084990901976 1.389301970064332 2.533136655312507
18  0.5  2.7685457646412144 1.4994161494268456 2.7684583372217144
18  0.4  2.859418761999326 1.5434769142017988 2.8594085471102852
18  0.3  2.8834751126515434 1.5564451155325985 2.8834748187382755
18  0.2  2.889213482482587 1.5599510237530025 2.8892134805160565
18  0.1  2.8903022515724217 1.5606641213098316 2.89030225157196
