12  3.0  0.0002323499471947916 0.0004509381116972601 0.00023234994669815836
12  2.0  0.004557258810304592 0.00875016042453557 0.00455725080513813
12  1.5  0.03719464708428765 0.07038041809204362 0.03718684945213756
12  1.0  0.8190342973678615 1.4332492176464826 0.7904647689162743
12  0.9  1.2201416771116822 1.6631871072644517 1.1219639217362392
12  0.8  1.375152981524138 1.8935672770929628 1.2488763245004488
12  0.7  1.5351073986172492 2.1569516800768533 1.3899382674558276
12  0.6  1.7295398785367875 2.4857822220533268 1.5748815292376535
12  0.5  1.9059571469580459 2.7859572548109206 1.7525481450686118
12  0.4  1.999305057797677 2.9576255662904196 1.86158066716389
12  0.3  2.036530284822365 3.0414935907382596 1.9232776462786514
12  0.2  2.0452779444492806 3.0532662974474594 1.9357678938216447
12  0.1  2.046531635574372 3.0389653466632773 1.8633540893659515
12  3.0  0.0002323499471947916 0.0004509381116972601 0.00023234994669815836
12  2.0  0.004557258810304592 0.00875016042453557 0.00455725080513813
12  1.5  0.03719464708428765 0.07038041809204362 0.03718684945213756
12  1.0  0.8190342973678615 1.4332492176464826 0.7904647689162743
12  0.9  1.0406627784616533 1.8427765982468292 1.0296760879219617
12  0.8  1.1390787784584706 2.0267744129190977 1.136839136472202
12  0.7  1.248349337194442 2.240648499695406 1.2476002182199877
12  0.6  1.3888251525495525 2.533221727064107 1.3879212657032407
12  0.5  1.4991665551689601 2.7681282829248763 1.498609976170135
12  0.4  1.543456139004899 2.8594727847781964 1.5434210302196418
12  0.3  1.5564446757219312 2.8834962801829493 1.5564521862286043
12  0.2  1.5599510215171024 2.8892145922253336 1.5599515487012372
12  0.1  1.5606641213093635 2.8903022561753957 1.5606641236038556
