24  3.0  0.0001203405706735124 0.00024068122881176264 0.00012034057067284606
24  2.0  0.0023384048506155945 0.004676870127940568 0.002338404850607856
24  1.5  0.018554213882839184 0.037115293383513534 0.0185542139127388
24  1.0  0.29648612876056474 0.6001359744294914 0.2965058837359415
24  0.9  0.4971563194560895 1.0298986626122963 0.49743914446687887
24  0.8  1.5958509041165323 2.27817450322282 1.5472769074249406
24  0.7  1.737849610159254 2.5377663828810593 1.6886406285968605
24  0.6  1.9058944729224092 2.854846939916828 1.8577842449560713
24  0.5  2.0459466411584293 3.119736482062935 1.9997814971188312
24  0.4  2.1066783207411572 3.231872590453493 2.062736089284216
24  0.3  2.1249633710309195 3.2649352279613817 2.081501027209641
24  0.2  2.1277014840797857 3.266780610708426 2.080826791197663
24  0.1  2.128422024320704 3.266320178465041 2.078652000824757
24  3.0  0.00012034057067329036 0.00024068122881131855 0.00012034057067240202
24  2.0  0.00233840485061515 0.004676870127940127 0.0023384048506074145
24  1.5  0.018554213882839184 0.037115293383513534 0.018554213912738808
24  1.0  0.29648612876056474 0.6001359744294915 0.29650588373594167
24  0.9  0.4971563194560894 1.0298986626122968 0.4974391444668784
24  0.8  1.5958509041165336 2.2781745032228216 1.5472769074249422
24  0.7  1.7378496101592558 2.537766382881065 1.688640628596865
24  0.6  1.9058944729224128 2.8548469399168352 1.8577842449560746
24  0.5  2.045946641158433 3.119736482062944 1.999781497118836
24  0.4  2.106678320741163 3.2318725904535035 2.0627360892842224
24  0.3  2.1249633710309257 3.264935227961395 2.0815010272096486
24  0.2  2.127701484079789 3.266780610708432 2.080826791197667
24  0.1  2.128422024320706 3.2663201784650417 2.0786520008247584
24  3.0  0.00012034057067329036 0.00024068122881131855 0.00012034057067240202
24  2.0  0.00233840485061515 0.004676870127940127 0.0023384048506074145
24  1.5  0.018554213882839184 0.037115293383513534 0.018554213912738808
24  1.0  0.29648612876056474 0.6001359744294915 0.29650588373594167
24  0.9  1.0512645313547342 1.8579301907971286 1.05120902810696
24  0.8  1.139650035187649 2.022236024278089 1.1396493947021944
24  0.7  1.248525276929458 2.237765215969745 1.2485249171528274
24  0.6  1.389318268798543 2.533127017899488 1.3893164466308217
24  0.5  1.4994240266020964 2.7685639151100605 1.4994233683684055
24  0.4  1.543477172106162 2.8594194004425506 1.5434771581266242
24  0.3  1.556445116174972 2.8834751150792286 1.5564451161604476
24  0.2  1.5599510237436653 2.8892134825104656 1.5599510237385157
24  0.1  1.5606641213098307 2.890302251572425 1.5606641213098285
