100  3.0  0.00012034057067906309 0.0002406812288173116 0.00012034057067950576
100  2.0  0.002338404850604091 0.004676870128108435 0.0023384048507993738
100  1.5  0.01855421388669558 0.037115293355185236 0.01855421388576231
100  1.0  0.29648468423882995 0.6001125641501659 0.2964846842378699
100  0.9  0.4971155309167457 1.029494777755439 0.4971155308679794
100  0.8  0.6689402657253456 1.4606926817886223 0.6689402657669141
100  0.7  0.7299782110606275 1.722881953932868 0.7299782110606244
100  0.6  0.7472948538673424 1.8938200040509614 0.7472948538673587
100  0.5  0.7808186999675806 2.038182016051491 0.7808186999667249
100  0.4  0.8242468365126311 2.1352269640303634 0.8242468365204395
100  0.3  0.8529078092495403 2.1792585715998016 0.852907809249555
100  0.2  0.8646165786366069 2.1938497744689265 0.8646165786433264
100  0.1  0.8673784297261025 2.197016443184691 0.8673784297260911
100  3.0  0.00012034057067906309 0.0002406812288173116 0.00012034057067950576
100  2.0  0.002338404850604091 0.004676870128108435 0.0023384048507993738
100  1.5  0.01855421388669558 0.037115293355185236 0.01855421388576231
100  1.0  0.29648468423882995 0.6001125641501659 0.2964846842378699
100  0.9  0.4971155309167457 1.029494777755439 0.4971155308679794
100  0.8  0.6689402657253456 1.4606926817886223 0.6689402657669141
100  0.7  0.7299782110606275 1.722881953932868 0.7299782110606244
100  0.6  0.7472948538673424 1.8938200040509614 0.7472948538673587
100  0.5  1.4994241348997688 2.768564512605677 1.499424134853564
100  0.4  1.5434771731091692 2.859419414342711 1.5434771731109285
100  0.3  1.5564451161666386 2.8834751151360414 1.5564451161667354
100  0.2  1.5599510237389065 2.889213482635513 1.5599510237383318
100  0.1  1.5606641213098247 2.8903022515724204 1.560664121309832
