8  3.0  0.00023233415068873913 0.0004509064383374144 0.0002323328873414525
8  2.0  0.004556858574645766 0.008746217705503637 0.004553401484861367
8  1.5  0.03717858571168408 0.07006844659358405 0.036852414641409946
8  1.0  0.7101538142274902 1.2241044446581755 0.6405932003211995
8  0.9  1.0520994619782993 1.6127165105190773 1.0123368427010502
8  0.8  1.1798978963888194 1.7473432430846876 1.0947526056617496
8  0.7  1.3274838517125203 1.9499592947619848 1.2025652198697308
8  0.6  1.5401686088803106 2.2197683021685553 1.3405888216977262
8  0.5  1.7647172235923705 2.496027219983269 1.4815236600686308
8  0.4  1.871989127566307 2.6254105691350746 1.537652217099149
8  0.3  1.8963956928166217 2.634306563199526 1.5418980378179254
8  0.2  1.9013048984907814 2.640735211992851 1.5458743372706736
8  0.1  1.9007704622113861 2.644958810729227 1.5477804366753178
8  3.0  0.00023233415068873913 0.0004509064383374144 0.0002323328873414525
8  2.0  0.004556858574645766 0.008746217705503637 0.004553401484861367
8  1.5  0.03717858571168408 0.07006844659358405 0.036852414641409946
8  1.0  0.7101538142274902 1.2241044446581755 0.6405932003211995
8  0.9  0.9940095522838924 1.7400520877547527 0.9345700025858626
8  0.8  1.1307216100057205 2.0124018936456074 1.104614549110212
8  0.7  1.2460181306676354 2.2295917511971837 1.2239728070401759
8  0.6  1.3863038561447514 2.4970983204968022 1.3508737109657127
8  0.5  1.4977353011380863 2.73211269360055 1.4674031588144256
8  0.4  1.5433592727764516 2.8438795117141367 1.5315134562472168
8  0.3  1.5564591649934014 2.879224571417933 1.5537745938153984
8  0.2  1.5599448471284239 2.8884498335653577 1.5595446031586786
8  0.1  1.5606641326063166 2.8902447087710184 1.5606408796501476
