56  3.0  0.000120340570679285 0.0002406812288173129 0.00012034057067928522
56  2.0  0.002338404850629798 0.004676870128000108 0.0023384048506483995
56  1.5  0.01855421388534583 0.037115293353354124 0.018554213883335873
56  1.0  0.2964846842460939 0.6001125641682219 0.2964846842482469
56  0.9  0.4971155308405813 1.029494777706379 0.49711553094296296
56  0.8  0.6689402657036547 1.460692681773301 0.668940265746102
56  0.7  0.7299782110613634 1.7228819539493199 0.7299782110644794
56  0.6  0.747294854145153 1.8938200043912834 0.747294854154532
56  0.5  0.7808186999674723 2.0381820160634216 0.7808186999706518
56  0.4  0.8242468367685742 2.135226963673302 0.8242468356470021
56  3.0  0.000120340570679285 0.0002406812288173129 0.00012034057067928522
56  2.0  0.002338404850629798 0.004676870128000108 0.0023384048506483995
56  1.5  0.01855421388534583 0.037115293353354124 0.018554213883335873
56  1.0  0.2964846842460939 0.6001125641682219 0.2964846842482469
56  0.9  0.4971155308405813 1.029494777706379 0.49711553094296296
56  0.8  0.6689402657036547 1.460692681773301 0.668940265746102
56  0.7  0.7299782110613634 1.7228819539493199 0.7299782110644794
56  0.6  1.3893185789617803 2.533124476799507 1.3893185789617517
56  0.5  1.4994241349361912 2.7685645126809835 1.4994241349183635
56  0.4  1.5434771731284511 2.859419414349959 1.5434771731336054
56  0.3  1.5564451158792272 2.8834751181765363 1.5564451158786279
56  0.2  1.559951023739435 2.889213482581262 1.5599510237394287
56  0.1  1.5606641213098305 2.8903022515724217 1.560664121309832
