60  3.0  0.00012034057067151296 0.00024068122880931914 0.00012034057067129199
60  2.0  0.0023384048510221743 0.004676870128307181 0.002338404850576717
60  1.5  0.018554213885919154 0.03711529335386919 0.018554213883190143
60  1.0  0.29648468424739616 0.6001125641698778 0.2964846842498081
60  0.9  0.4971155307260971 1.0294947775085872 0.4971155308341393
60  0.8  0.6689402656562904 1.4606926816636714 0.6689402657668588
60  0.7  0.7299782110608593 1.7228819539383942 0.7299782110610964
60  0.6  0.7472948541237999 1.893820004376428 0.747294854154087
60  0.5  0.7808186999673603 2.0381820160554454 0.780818699967485
60  0.4  0.8242468365910637 2.1352269640808372 0.8242468365984794
60  3.0  0.00012034057067151296 0.00024068122880931914 0.00012034057067129199
60  2.0  0.0023384048510221743 0.004676870128307181 0.002338404850576717
60  1.5  0.018554213885919154 0.03711529335386919 0.018554213883190143
60  1.0  0.29648468424739616 0.6001125641698778 0.2964846842498081
60  0.9  0.4971155307260971 1.0294947775085872 0.4971155308341393
60  0.8  0.6689402656562904 1.4606926816636714 0.6689402657668588
60  0.7  0.7299782110608593 1.7228819539383942 0.7299782110610964
60  0.6  1.3893185789618416 2.5331244767993724 1.3893185789617772
60  0.5  1.4994241348901955 2.7685645126036578 1.4994241349038786
60  0.4  1.5434771731453305 2.8594194143499374 1.5434771731356007
60  0.3  1.5564451158799448 2.883475118708225 1.556445115877798
60  0.2  1.5599510237395844 2.8892134824626354 1.5599510237393963
60  0.1  1.5606641213098291 2.890302251572433 1.5606641213098307
