36  3.0  0.00012034057067462374 0.0002406812288128765 0.00012034057067484701
36  2.0  0.0023384048508232873 0.004676870128288082 0.0023384048507316406
36  1.5  0.018554213887262357 0.03711529335419917 0.018554213883242618
36  1.0  0.29648468431319436 0.600112565099721 0.2964846850889471
36  0.9  0.49711554026097343 1.0294948735803766 0.49711560748559974
36  0.8  0.6689404016585607 1.460694098873953 0.6689411421559067
36  0.7  1.8055884676394345 2.6716825988589785 1.7778707347155838
36  0.6  1.9647368669322858 2.9814619148040857 1.937462389210037
36  0.5  2.0941949178265977 3.234818906215341 2.066836336793047
36  0.4  2.1447300154989297 3.3295208160663283 2.1041777577983023
36  0.3  2.1578401851913176 3.353236912862766 2.1127081028300694
36  0.2  2.1601182733120234 3.3575206696390296 2.1124728106382267
36  0.1  2.160149533047832 3.3577948108254123 2.111333425751365
36  3.0  0.00012034057067462374 0.0002406812288128765 0.00012034057067484701
36  2.0  0.0023384048508232873 0.004676870128288082 0.0023384048507316406
36  1.5  0.018554213887262357 0.03711529335419917 0.018554213883242618
36  1.0  0.29648468431319436 0.600112565099721 0.2964846850889471
36  0.9  0.49711554026097343 1.0294948735803766 0.49711560748559974
36  0.8  1.139650238695581 2.0221044534999395 1.139650238414679
36  0.7  1.248525305836748 2.2377405574516254 1.2485253057821564
36  0.6  1.389318578607833 2.533124488903802 1.3893185773645167
36  0.5  1.4994241348838357 2.768564512523228 1.4994241345200623
36  0.4  1.5434771731329262 2.859419414346422 1.5434771731248034
36  0.3  1.556445116224021 2.883475114947117 1.556445116217532
36  0.2  1.559951023740032 2.8892134823922038 1.5599510237343095
36  0.1  1.5606641213098325 2.890302251572415 1.5606641213098291
