88  3.0  0.00012034057067639986 0.00024068122881398428 0.00012034057067506675
88  2.0  0.0023384048507027414 0.004676870129176797 0.002338404851731763
88  1.5  0.01855421388420678 0.037115293353936575 0.018554213882911442
88  1.0  0.29648468424127694 0.6001125641551968 0.2964846842393435
88  0.9  0.4971155309414035 1.0294947777913432 0.49711553091716754
88  0.8  0.6689402659773362 1.4606926822528996 0.6689402658352862
88  0.7  0.7299782110558206 1.7228819539521387 0.7299782110517552
88  0.6  0.747294854134728 1.8938200043760196 0.7472948541484457
88  0.5  0.7808186999676237 2.038182016056015 0.7808186999676637
88  0.4  0.8242468365270906 2.135226964044379 0.8242468365474128
88  0.3  0.8529078092495506 2.1792585715998065 0.852907809249564
88  0.2  0.8646165786371242 2.1938497745757006 0.8646165786274718
88  0.1  0.8673784297260896 2.197016443184685 0.8673784297260895
88  3.0  0.00012034057067639986 0.00024068122881398428 0.00012034057067506675
88  2.0  0.0023384048507027414 0.004676870129176797 0.002338404851731763
88  1.5  0.01855421388420678 0.037115293353936575 0.018554213882911442
88  1.0  0.29648468424127694 0.6001125641551968 0.2964846842393435
88  0.9  0.4971155309414035 1.0294947777913432 0.49711553091716754
88  0.8  0.6689402659773362 1.4606926822528996 0.6689402658352862
88  0.7  0.7299782110558206 1.7228819539521387 0.7299782110517552
88  0.6  0.747294854134728 1.8938200043760196 0.7472948541484457
88  0.5  1.4994241349580113 2.7685645125954235 1.4994241349268358
88  0.4  1.5434771731374604 2.8594194143510503 1.5434771731370163
88  0.3  1.5564451162288921 2.8834751150208064 1.5564451161940918
88  0.2  1.5599510237390826 2.889213482484896 1.5599510237251537
88  0.1  1.560664121309828 2.890302251572403 1.560664121309826
