28  3.0  0.00012034057067373599 0.000240681228811541 0.00012034057067306692
28  2.0  0.00233840485064581 0.004676870128005344 0.002338404850640525
28  1.5  0.01855421388322775 0.03711529335434038 0.018554213884906308
28  1.0  0.29648473335059355 0.6001133625754479 0.2964854073295328
28  0.9  0.4971180327549431 1.029520310498216 0.4971359568432469
28  0.8  1.6291545129647087 2.3414186171041265 1.5911431674252274
28  0.7  1.7667434082484101 2.5955081373131605 1.7289214856928588
28  0.6  1.9308782319250686 2.90966962252939 1.894967404936645
28  0.5  2.0656589488397135 3.1689350344139755 2.0329365021159282
28  0.4  2.1234195719700284 3.276519121443161 2.091996303211446
28  0.3  2.1389666852481586 3.3039540848425286 2.1081846001243547
28  0.2  2.142315574788153 3.3087954903877193 2.110677906679879
28  0.1  2.142899813205747 3.309025053630971 2.1102234421582216
28  3.0  0.00012034057067373599 0.000240681228811541 0.00012034057067306692
28  2.0  0.00233840485064581 0.004676870128005344 0.002338404850640525
28  1.5  0.01855421388322775 0.03711529335434038 0.018554213884906308
28  1.0  0.29648473335059355 0.6001133625754479 0.2964854073295328
28  0.9  0.4971180327549431 1.029520310498216 0.4971359568432469
28  0.8  1.139650225046658 2.022137098274167 1.139650172924915
28  0.7  1.248525301252228 2.2377450624876487 1.2485252917328917
28  0.6  1.389318540802 2.533124981138019 1.389318422310039
28  0.5  1.4994241251671487 2.7685644750862015 1.499424080378078
28  0.4  1.5434771731025136 2.8594194139514113 1.5434771726222736
28  0.3  1.5564451162184052 2.8834751150506004 1.556445116172288
28  0.2  1.559951023745359 2.8892134824474365 1.5599510237443768
28  0.1  1.5606641213098327 2.8903022515724297 1.5606641213098307
