68  3.0  0.00012034057067684386 0.0002406812288150913 0.0001203405706770622
68  2.0  0.002338404850843146 0.004676870128157603 0.002338404850604017
68  1.5  0.01855421388585779 0.037115293353573706 0.018554213883059358
68  1.0  0.2964846842379882 0.6001125641512776 0.2964846842377392
68  0.9  0.4971155309449923 1.0294947777946266 0.4971155309165083
68  0.8  0.6689402657299771 1.4606926816712775 0.6689402656632487
68  0.7  0.7299782110606273 1.7228819539328608 0.7299782110606267
68  0.6  0.7472948540412192 1.893820004164625 0.7472948538603301
68  0.5  0.7808186999674734 2.038182016050964 0.7808186999678167
68  0.4  0.8242468365124223 2.135226964032315 0.8242468365300747
68  0.3  0.8529078076075473 2.1792585616794793 0.8529078538843777
68  0.2  0.8646165786433218 2.1938497745845384 0.8646165786437521
68  0.1  0.8673784297260914 2.1970164431846615 0.867378429726053
68  3.0  0.00012034057067684386 0.0002406812288150913 0.0001203405706770622
68  2.0  0.002338404850843146 0.004676870128157603 0.002338404850604017
68  1.5  0.01855421388585779 0.037115293353573706 0.018554213883059358
68  1.0  0.2964846842379882 0.6001125641512776 0.2964846842377392
68  0.9  0.4971155309449923 1.0294947777946266 0.4971155309165083
68  0.8  0.6689402657299771 1.4606926816712775 0.6689402656632487
68  0.7  0.7299782110606273 1.7228819539328608 0.7299782110606267
68  0.6  1.3893185789019526 2.533124476822688 1.3893185789471834
68  0.5  1.4994241348590676 2.768564512607308 1.4994241348499577
68  0.4  1.543477173121625 2.859419414345446 1.543477173110532
68  0.3  1.5564451158811299 2.8834751187551366 1.5564451158830277
68  0.2  1.5599510237396257 2.889213482517281 1.5599510237394556
68  0.1  1.560664121309836 2.8903022515724284 1.5606641213098296
