144  3.0  200  -1926.0244235808645  [-0.9999904151948096, -0.9999904151948096, -1.4999808304193742, -1.4999808304193742, -1.4999808304011988, -1.4999808304011986, -1.4999808304011988, -1.4999808304011986, -1.4999808304011986, -1.4999808304011986, -1.4999808304011988, -1.4999808304011986, -1.499980830401199, -1.4999808304011988, -1.4999808304011986, -1.4999808304011986, -1.4999808304011986, -1.4999808304011983, -1.499980830401199, -1.4999808304011988, -1.4999808304011986, -1.4999808304011986, -1.4999808304011988, -1.4999808304011986, -1.4999808304011988, -1.4999808304011986, -1.4999808304011986, -1.4999808304011986, -1.4999808304011988, -1.499980830401199, -1.4999808304011988, -1.4999808304011988, -1.4999808304011992, -1.4999808304011992, -1.499980830401199, -1.499980830401199, -1.4999808304011997, -1.4999808304011997, -1.4999808304011997, -1.4999808304011994, -1.4999808304012001, -1.4999808304012, -1.4999808304012, -1.4999808304012, -1.4999808304012, -1.4999808304012, -1.4999808304012001, -1.4999808304012001, -1.4999808304012003, -1.4999808304012003, -1.4999808304012003, -1.4999808304012006, -1.4999808304012008, -1.4999808304012008, -1.4999808304012006, -1.4999808304012003, -1.4999808304012008, -1.4999808304012008, -1.4999808304012008, -1.4999808304012008, -1.499980830401201, -1.499980830401201, -1.4999808304012014, -1.4999808304012014, -1.4999808304012014, -1.4999808304012012, -1.4999808304012012, -1.4999808304012012, -1.4999808304012014, -1.4999808304012014, -1.4999808304012014, -1.4999808304012014, -1.4999808304012021, -1.499980830401202, -1.499980830401202, -1.499980830401202, -1.4999808304012017, -1.4999808304012014, -1.4999808304012014, -1.4999808304012014, -1.4999808304012017, -1.4999808304012017, -1.4999808304012017, -1.4999808304012017, -1.499980830401202, -1.499980830401202, -1.4999808304012021, -1.4999808304012021, -1.499980830401202, -1.4999808304012021, -1.4999808304012021, -1.4999808304012023, -1.4999808304012026, -1.4999808304012028, -1.4999808304012026, -1.4999808304012026, -1.4999808304012028, -1.4999808304012026, -1.4999808304012028, -1.4999808304012028, -1.4999808304012028, -1.4999808304012026, -1.4999808304012023, -1.4999808304012023, -1.4999808304012026, -1.4999808304012026, -1.4999808304012026, -1.4999808304012026, -1.4999808304012028, -1.4999808304012028, -1.4999808304012028, -1.499980830401203, -1.499980830401203, -1.4999808304012032, -1.4999808304012032, -1.4999808304012032, -1.4999808304012034, -1.4999808304012034, -1.4999808304012037, -1.4999808304012034, -1.499980830401204, -1.499980830401204, -1.4999808304012037, -1.499980830401204, -1.499980830401204, -1.499980830401204, -1.4999808304012043, -1.4999808304012043, -1.4999808304012041, -1.4999808304012041, -1.4999808304012043, -1.4999808304012041, -1.4999808304012041, -1.499980830401204, -1.4999808304012043, -1.4999808304012043, -1.499980830401204, -1.499980830401204, -1.4999808304012043, -1.4999808304012043, -1.4999808304193734, -1.4999808304193736, -0.9999904151948024, -0.9999904151948024]
144  2.0  200  -856.2816845729832  [-0.9997482081732731, -0.9997482081732731, -1.4994964368665191, -1.4994964368665191, -1.4994964243241196, -1.4994964243241196, -1.4994964243224962, -1.4994964243224962, -1.499496424322519, -1.499496424322519, -1.4994964243225255, -1.4994964243225257, -1.4994964243225033, -1.4994964243225033, -1.4994964243225033, -1.499496424322503, -1.499496424322482, -1.4994964243224822, -1.4994964243224729, -1.4994964243224727, -1.4994964243225104, -1.4994964243225102, -1.4994964243225402, -1.4994964243225404, -1.499496424322504, -1.499496424322504, -1.4994964243224695, -1.4994964243224695, -1.4994964243224358, -1.4994964243224356, -1.4994964243223983, -1.4994964243223983, -1.4994964243223343, -1.4994964243223345, -1.499496424322086, -1.4994964243220863, -1.4994964243221007, -1.499496424322101, -1.4994964243224544, -1.4994964243224544, -1.4994964243224718, -1.4994964243224718, -1.4994964243224178, -1.499496424322418, -1.4994964243223856, -1.4994964243223856, -1.4994964243224962, -1.4994964243224962, -1.4994964243225224, -1.4994964243225224, -1.4994964243224864, -1.4994964243224864, -1.4994964243224485, -1.4994964243224485, -1.4994964243224027, -1.4994964243224027, -1.499496424322475, -1.499496424322475, -1.4994964243224063, -1.4994964243224063, -1.4994964243222253, -1.4994964243222255, -1.4994964243222004, -1.4994964243222004, -1.499496424322372, -1.499496424322372, -1.49949642432246, -1.49949642432246, -1.4994964243224718, -1.4994964243224718, -1.4994964243224969, -1.4994964243224969, -1.499496424322521, -1.4994964243225213, -1.4994964243225197, -1.4994964243225197, -1.4994964243225366, -1.4994964243225366, -1.4994964243225313, -1.4994964243225313, -1.4994964243225128, -1.4994964243225128, -1.4994964243225042, -1.4994964243225044, -1.49949642432247, -1.4994964243224702, -1.499496424322485, -1.499496424322485, -1.4994964243224747, -1.4994964243224749, -1.4994964243224675, -1.4994964243224675, -1.4994964243224886, -1.4994964243224884, -1.499496424322497, -1.4994964243224973, -1.499496424322522, -1.4994964243225222, -1.4994964243224975, -1.4994964243224977, -1.4994964243224995, -1.4994964243224995, -1.4994964243225202, -1.49949642432252, -1.4994964243225013, -1.4994964243225013, -1.499496424322515, -1.4994964243225153, -1.4994964243225348, -1.4994964243225348, -1.4994964243225195, -1.4994964243225193, -1.4994964243224924, -1.4994964243224924, -1.499496424322462, -1.499496424322462, -1.4994964243224207, -1.499496424322421, -1.4994964243224351, -1.4994964243224351, -1.499496424322477, -1.499496424322477, -1.4994964243225022, -1.4994964243225024, -1.4994964243225066, -1.4994964243225066, -1.499496424322461, -1.499496424322461, -1.499496424322485, -1.4994964243224853, -1.4994964243225026, -1.4994964243225029, -1.4994964243225004, -1.4994964243225006, -1.4994964243225204, -1.4994964243225204, -1.4994964243224917, -1.4994964243224917, -1.4994964243237665, -1.4994964243237665, -1.4994964368654387, -1.4994964368654387, -0.9997482081724381, -0.9997482081724381]
144  1.5  200  -483.1354240060111  [-0.9973198020421095, -0.9973198020421095, -1.4946419207691126, -1.4946419207691124, -1.494640503163022, -1.4946405031630186, -1.4946405013600332, -1.4946405013600323, -1.4946405013581345, -1.4946405013581308, -1.4946405013586253, -1.4946405013586224, -1.4946405013584225, -1.4946405013584227, -1.4946405013582054, -1.4946405013582054, -1.4946405013581958, -1.4946405013581967, -1.4946405013581276, -1.4946405013581243, -1.49464050135786, -1.4946405013578594, -1.4946405013585737, -1.4946405013585768, -1.4946405013580555, -1.4946405013580553, -1.4946405013589787, -1.4946405013589792, -1.4946405013582624, -1.4946405013582629, -1.494640501358168, -1.4946405013581676, -1.4946405013592956, -1.494640501359291, -1.4946405013579653, -1.4946405013579658, -1.4946405013592459, -1.4946405013592428, -1.4946405013579427, -1.4946405013579427, -1.494640501359204, -1.4946405013592075, -1.4946405013579864, -1.4946405013579869, -1.4946405013593014, -1.4946405013593047, -1.4946405013581108, -1.4946405013581108, -1.4946405013587127, -1.4946405013587116, -1.4946405013581296, -1.4946405013581296, -1.4946405013583008, -1.4946405013582964, -1.494640501357861, -1.4946405013578627, -1.4946405013585475, -1.4946405013585478, -1.49464050135842, -1.4946405013584199, -1.4946405013580863, -1.4946405013580863, -1.4946405013592536, -1.494640501359251, -1.4946405013580226, -1.494640501358023, -1.494640501358344, -1.4946405013583404, -1.4946405013585602, -1.4946405013585626, -1.494640501357995, -1.4946405013579949, -1.4946405013582778, -1.4946405013582753, -1.494640501358747, -1.4946405013587445, -1.4946405013580035, -1.4946405013580033, -1.49464050135922, -1.494640501359222, -1.4946405013579445, -1.4946405013579442, -1.4946405013592952, -1.494640501359292, -1.494640501358032, -1.4946405013580322, -1.4946405013588084, -1.494640501358809, -1.4946405013580408, -1.4946405013580408, -1.4946405013592723, -1.4946405013592685, -1.4946405013579531, -1.4946405013579536, -1.494640501359187, -1.494640501359185, -1.4946405013580046, -1.4946405013580046, -1.4946405013586115, -1.4946405013586108, -1.4946405013583106, -1.4946405013583122, -1.4946405013583088, -1.4946405013583075, -1.4946405013581705, -1.49464050135817, -1.4946405013581585, -1.494640501358156, -1.4946405013588415, -1.4946405013588404, -1.4946405013579438, -1.4946405013579436, -1.4946405013591004, -1.494640501359098, -1.4946405013579627, -1.4946405013579627, -1.4946405013583404, -1.4946405013583377, -1.4946405013586843, -1.4946405013586817, -1.4946405013580115, -1.4946405013580115, -1.494640501359137, -1.494640501359135, -1.494640501358415, -1.4946405013584148, -1.494640501358081, -1.4946405013580812, -1.49464050135919, -1.4946405013591866, -1.4946405013579602, -1.49464050135796, -1.4946405013583903, -1.4946405013583868, -1.4946405013586428, -1.4946405013586392, -1.4946405013601602, -1.4946405013601602, -1.494640503163279, -1.4946405031632761, -1.494641920771278, -1.4946419207712782, -0.9973198020421927, -0.9973198020421927]
144  1.0  200  -235.69159269929253  [-0.9134611127862563, -0.9134611127862563, -1.3293598503022024, -1.329359850305285, -1.3282630146773666, -1.3282630146810204, -1.3282203201988168, -1.3282203201983107, -1.3282189003107625, -1.3282189003016374, -1.3282188519753386, -1.328218851967666, -1.3282188503331183, -1.3282188503289247, -1.328218850278715, -1.3282188502727013, -1.3282188502730248, -1.328218850270401, -1.3282188502741108, -1.328218850270855, -1.328218850276277, -1.3282188502750616, -1.328218850271718, -1.3282188502757513, -1.3282188502731487, -1.3282188502752854, -1.3282188502759011, -1.3282188502747505, -1.3282188502741186, -1.328218850273429, -1.3282188502747712, -1.328218850274384, -1.3282188502778332, -1.328218850276024, -1.3282188502778778, -1.3282188502743422, -1.3282188502767034, -1.328218850273394, -1.328218850273757, -1.328218850272182, -1.3282188502751873, -1.3282188502717198, -1.3282188502769572, -1.328218850273532, -1.3282188502725687, -1.3282188502749925, -1.3282188502743901, -1.3282188502775396, -1.3282188502763874, -1.328218850276468, -1.3282188502778371, -1.3282188502752466, -1.3282188502749848, -1.3282188502727648, -1.3282188502755388, -1.3282188502760512, -1.328218850270942, -1.3282188502751864, -1.3282188502721584, -1.3282188502782748, -1.3282188502756713, -1.328218850276888, -1.3282188502760457, -1.3282188502734722, -1.3282188502779144, -1.3282188502740282, -1.3282188502779433, -1.3282188502722914, -1.3282188502764778, -1.3282188502718146, -1.3282188502784218, -1.3282188502741068, -1.3282188502760457, -1.3282188502713483, -1.3282188502767742, -1.3282188502757701, -1.3282188502744265, -1.3282188502757868, -1.3282188502782497, -1.3282188502729821, -1.3282188502772923, -1.3282188502726784, -1.3282188502727703, -1.3282188502743097, -1.3282188502757513, -1.3282188502760313, -1.328218850276567, -1.3282188502762464, -1.328218850272872, -1.3282188502731915, -1.3282188502754375, -1.32821885027514, -1.3282188502763164, -1.3282188502751344, -1.328218850273404, -1.3282188502728358, -1.3282188502721932, -1.3282188502734915, -1.328218850273937, -1.328218850276828, -1.3282188502753014, -1.3282188502757477, -1.3282188502769063, -1.3282188502683858, -1.3282188502760683, -1.3282188502689036, -1.3282188502726802, -1.3282188502734527, -1.328218850275542, -1.3282188502752847, -1.3282188502743342, -1.3282188502772536, -1.3282188502718495, -1.3282188502782732, -1.328218850275219, -1.3282188502769547, -1.328218850277808, -1.3282188502738397, -1.3282188502783545, -1.3282188502683838, -1.3282188502818384, -1.3282188502674908, -1.3282188502759962, -1.3282188502684633, -1.328218850272635, -1.3282188502732033, -1.3282188502760965, -1.3282188502746397, -1.3282188502768209, -1.3282188502739707, -1.3282188503326562, -1.3282188503306325, -1.328218851976375, -1.3282188519689453, -1.328218900308449, -1.3282189003029838, -1.3282203201967688, -1.3282203201942897, -1.328263014688301, -1.3282630146822159, -1.3293598503058945, -1.3293598503023512, -0.9134611127825348, -0.9134611127825348]
144  0.9  200  -215.74015592857364  [-0.8051526507917003, -0.8051526507917003, -1.1225526231563028, -1.122552623156523, -1.119075398694952, -1.1190753986998465, -1.1187985087127028, -1.118798508721033, -1.1187827301887177, -1.11878273019596, -1.1187817595784058, -1.118781759585468, -1.1187817008206111, -1.118781700827575, -1.1187816973353801, -1.118781697342346, -1.118781697119321, -1.1187816971262872, -1.1187816970725264, -1.1187816970794922, -1.1187816970573454, -1.1187816970642943, -1.1187816970551712, -1.1187816970622046, -1.1187816969807893, -1.1187816969879392, -1.1187816969190112, -1.118781696926075, -1.118781697007997, -1.1187816970149602, -1.1187816971036781, -1.118781697110643, -1.1187816971085358, -1.118781697115503, -1.1187816971090678, -1.118781697116033, -1.118781697109118, -1.1187816971160833, -1.1187816971086824, -1.1187816971156481, -1.118781697098275, -1.1187816971052391, -1.1187816971388318, -1.1187816971457987, -1.1187816971988438, -1.118781697205787, -1.118781697180093, -1.118781697189543, -1.1187816968834965, -1.1187816968960174, -1.1187816965197577, -1.1187816965298816, -1.1187816967441668, -1.1187816967512123, -1.1187816970727251, -1.118781697079777, -1.1187816970417706, -1.1187816970488114, -1.118781697086991, -1.1187816970964382, -1.1187816968475501, -1.1187816968593876, -1.1187816964795492, -1.1187816964897312, -1.1187816966330162, -1.1187816966432702, -1.1187816966116468, -1.1187816966212032, -1.1187816966197444, -1.1187816966269517, -1.1187816968424291, -1.11878169684958, -1.1187816968586812, -1.1187816968658248, -1.1187816968616577, -1.1187816968687994, -1.1187816968632334, -1.1187816968703688, -1.1187816968696065, -1.11878169687674, -1.1187816968674928, -1.118781696874633, -1.1187816968604223, -1.1187816968676352, -1.11878169684918, -1.118781696856404, -1.1187816968474689, -1.1187816968546251, -1.1187816968597324, -1.1187816968668676, -1.118781696863467, -1.1187816968706008, -1.1187816968639208, -1.1187816968710533, -1.1187816968639184, -1.118781696871051, -1.1187816968640907, -1.1187816968712225, -1.118781696866746, -1.1187816968738789, -1.1187816968863449, -1.1187816968934767, -1.1187816968721385, -1.118781696879288, -1.1187816968967836, -1.1187816969038302, -1.1187816969654518, -1.1187816969725, -1.1187816969901663, -1.1187816969972324, -1.1187816970421092, -1.1187816970490536, -1.1187816971637827, -1.1187816971727438, -1.1187816969386886, -1.1187816969478195, -1.1187816968599367, -1.1187816968671827, -1.1187816970404652, -1.1187816970477489, -1.1187816970273319, -1.118781697034742, -1.1187816969581368, -1.1187816969654152, -1.1187816970065783, -1.1187816970136357, -1.1187816971114815, -1.118781697118652, -1.1187816972734688, -1.1187816972808078, -1.1187817008405407, -1.1187817008477146, -1.1187817597147782, -1.118781759721853, -1.1187827304020255, -1.1187827304090914, -1.118798508802511, -1.118798508808432, -1.1190753985839503, -1.1190753985895348, -1.1225526227217717, -1.1225526227249163, -0.8051526504088741, -0.8051526504088741]
144  0.8  200  -219.7677559052855  [-0.6235432948275069, -0.6235432948275069, -0.7859667448468777, -0.7859667448468707, -0.7802014934617173, -0.7802014934608101, -0.7793906510358295, -0.7793906510343257, -0.779342894430926, -0.7793428944298882, -0.7793388619872581, -0.7793388619864824, -0.7793385641692542, -0.7793385641686325, -0.779338541314515, -0.7793385413139458, -0.7793385397769343, -0.779338539776371, -0.779338539658038, -0.7793385396574749, -0.7793385396420395, -0.7793385396414777, -0.7793385396386474, -0.7793385396380806, -0.7793385396489622, -0.7793385396483937, -0.7793385396533477, -0.7793385396527823, -0.7793385396252432, -0.7793385396246786, -0.7793385395847706, -0.7793385395841834, -0.7793385396339506, -0.7793385396333288, -0.779338539554326, -0.7793385395537177, -0.7793385395090494, -0.7793385395084752, -0.7793385396030584, -0.7793385396024947, -0.7793385397579193, -0.7793385397573565, -0.7793385398783998, -0.7793385398778332, -0.7793385398784825, -0.7793385398777611, -0.7793385398701193, -0.7793385398691629, -0.7793385395308075, -0.7793385395297602, -0.779338539234268, -0.7793385392332215, -0.7793385393114779, -0.7793385393105657, -0.7793385391077079, -0.7793385391070097, -0.7793385393496208, -0.7793385393488796, -0.7793385398081403, -0.7793385398071856, -0.7793385396987743, -0.7793385396977273, -0.7793385395051, -0.7793385395040393, -0.7793385394452678, -0.7793385394442065, -0.7793385393644744, -0.7793385393634146, -0.779338539338463, -0.7793385393374089, -0.7793385393657764, -0.7793385393647366, -0.779338539195478, -0.7793385391944468, -0.7793385392328758, -0.7793385392318534, -0.7793385392747608, -0.7793385392738476, -0.7793385390044782, -0.7793385390036724, -0.7793385394170306, -0.779338539416162, -0.7793385394761176, -0.7793385394751479, -0.7793385393509803, -0.7793385393499556, -0.7793385394536999, -0.7793385394527872, -0.7793385389985873, -0.7793385389978209, -0.7793385391733291, -0.7793385391724724, -0.7793385394980188, -0.779338539497052, -0.7793385393007408, -0.7793385392998939, -0.7793385389152488, -0.7793385389146011, -0.7793385392253017, -0.7793385392247292, -0.7793385396176723, -0.77933853961711, -0.7793385396423639, -0.7793385396418024, -0.7793385396446273, -0.7793385396440624, -0.7793385397605179, -0.7793385397599494, -0.7793385398686715, -0.7793385398681021, -0.7793385398692565, -0.7793385398685369, -0.7793385398888727, -0.7793385398879183, -0.7793385397017579, -0.779338539700709, -0.7793385395047508, -0.7793385395036887, -0.7793385394570473, -0.7793385394559857, -0.7793385394418177, -0.7793385394407565, -0.7793385394377368, -0.7793385394366755, -0.7793385394565926, -0.7793385394555332, -0.7793385395744785, -0.779338539573418, -0.7793385411989411, -0.7793385411978799, -0.7793385643728511, -0.7793385643718048, -0.7793388622013016, -0.7793388622004198, -0.7793428938703952, -0.7793428938697625, -0.7793906497740671, -0.7793906497740141, -0.780201491353125, -0.7802014913532471, -0.7859667426708652, -0.7859667426707725, -0.6235432938134413, -0.6235432938134413]
144  0.9  200  -215.74015592857364  [-0.8051526507917003, -0.8051526507917003, -1.1225526231563028, -1.122552623156523, -1.119075398694952, -1.1190753986998465, -1.1187985087127028, -1.118798508721033, -1.1187827301887177, -1.11878273019596, -1.1187817595784058, -1.118781759585468, -1.1187817008206111, -1.118781700827575, -1.1187816973353801, -1.118781697342346, -1.118781697119321, -1.1187816971262872, -1.1187816970725264, -1.1187816970794922, -1.1187816970573454, -1.1187816970642943, -1.1187816970551712, -1.1187816970622046, -1.1187816969807893, -1.1187816969879392, -1.1187816969190112, -1.118781696926075, -1.118781697007997, -1.1187816970149602, -1.1187816971036781, -1.118781697110643, -1.1187816971085358, -1.118781697115503, -1.1187816971090678, -1.118781697116033, -1.118781697109118, -1.1187816971160833, -1.1187816971086824, -1.1187816971156481, -1.118781697098275, -1.1187816971052391, -1.1187816971388318, -1.1187816971457987, -1.1187816971988438, -1.118781697205787, -1.118781697180093, -1.118781697189543, -1.1187816968834965, -1.1187816968960174, -1.1187816965197577, -1.1187816965298816, -1.1187816967441668, -1.1187816967512123, -1.1187816970727251, -1.118781697079777, -1.1187816970417706, -1.1187816970488114, -1.118781697086991, -1.1187816970964382, -1.1187816968475501, -1.1187816968593876, -1.1187816964795492, -1.1187816964897312, -1.1187816966330162, -1.1187816966432702, -1.1187816966116468, -1.1187816966212032, -1.1187816966197444, -1.1187816966269517, -1.1187816968424291, -1.11878169684958, -1.1187816968586812, -1.1187816968658248, -1.1187816968616577, -1.1187816968687994, -1.1187816968632334, -1.1187816968703688, -1.1187816968696065, -1.11878169687674, -1.1187816968674928, -1.118781696874633, -1.1187816968604223, -1.1187816968676352, -1.11878169684918, -1.118781696856404, -1.1187816968474689, -1.1187816968546251, -1.1187816968597324, -1.1187816968668676, -1.118781696863467, -1.1187816968706008, -1.1187816968639208, -1.1187816968710533, -1.1187816968639184, -1.118781696871051, -1.1187816968640907, -1.1187816968712225, -1.118781696866746, -1.1187816968738789, -1.1187816968863449, -1.1187816968934767, -1.1187816968721385, -1.118781696879288, -1.1187816968967836, -1.1187816969038302, -1.1187816969654518, -1.1187816969725, -1.1187816969901663, -1.1187816969972324, -1.1187816970421092, -1.1187816970490536, -1.1187816971637827, -1.1187816971727438, -1.1187816969386886, -1.1187816969478195, -1.1187816968599367, -1.1187816968671827, -1.1187816970404652, -1.1187816970477489, -1.1187816970273319, -1.118781697034742, -1.1187816969581368, -1.1187816969654152, -1.1187816970065783, -1.1187816970136357, -1.1187816971114815, -1.118781697118652, -1.1187816972734688, -1.1187816972808078, -1.1187817008405407, -1.1187817008477146, -1.1187817597147782, -1.118781759721853, -1.1187827304020255, -1.1187827304090914, -1.118798508802511, -1.118798508808432, -1.1190753985839503, -1.1190753985895348, -1.1225526227217717, -1.1225526227249163, -0.8051526504088741, -0.8051526504088741]
144  0.7  200  -257.61767757054986  [-0.41453872070223646, -0.41453872070223646, -0.3812018185330077, -0.3812018185329489, -0.36640996907806866, -0.36640996907808404, -0.3647807394759767, -0.36478073947606954, -0.36470005269929506, -0.36470005269939276, -0.3646928525731476, -0.36469285257330913, -0.3646924055801461, -0.3646924055803121, -0.36469237012185884, -0.3646923701220254, -0.36469236770396846, -0.3646923677041345, -0.3646923675217641, -0.3646923675219301, -0.36469236750884326, -0.36469236750900985, -0.3646923675079358, -0.3646923675081023, -0.36469236750788225, -0.36469236750804873, -0.3646923675078898, -0.3646923675080564, -0.3646923675078711, -0.3646923675080379, -0.3646923675079102, -0.36469236750807715, -0.3646923675079028, -0.36469236750806916, -0.3646923675078579, -0.3646923675080241, -0.36469236750788403, -0.3646923675080505, -0.3646923675078678, -0.3646923675080346, -0.3646923675077789, -0.3646923675079453, -0.3646923675078208, -0.3646923675079876, -0.364692367507877, -0.3646923675080433, -0.36469236750784517, -0.3646923675080117, -0.36469236750785294, -0.3646923675080196, -0.3646923675078647, -0.36469236750803125, -0.36469236750785883, -0.364692367508025, -0.36469236750785466, -0.36469236750802086, -0.36469236750785045, -0.3646923675080169, -0.36469236750786127, -0.36469236750802814, -0.36469236750785106, -0.36469236750801726, -0.3646923675079098, -0.3646923675080762, -0.36469236750792305, -0.3646923675080897, -0.3646923675078215, -0.3646923675079885, -0.3646923675078412, -0.36469236750800776, -0.3646923675078827, -0.3646923675080492, -0.36469236750784173, -0.36469236750800815, -0.36469236750778267, -0.364692367507949, -0.36469236750781153, -0.3646923675079778, -0.36469236750784273, -0.3646923675080093, -0.3646923675078827, -0.36469236750804956, -0.3646923675078943, -0.364692367508061, -0.36469236750788, -0.3646923675080461, -0.3646923675078849, -0.3646923675080514, -0.36469236750786616, -0.3646923675080327, -0.36469236750783074, -0.3646923675079974, -0.36469236750781764, -0.3646923675079842, -0.3646923675078401, -0.364692367508007, -0.3646923675078001, -0.36469236750796685, -0.3646923675078454, -0.3646923675080119, -0.3646923675078859, -0.36469236750805234, -0.36469236750787287, -0.3646923675080396, -0.3646923675078774, -0.36469236750804385, -0.36469236750782874, -0.3646923675079953, -0.36469236750782036, -0.364692367507987, -0.3646923675078283, -0.36469236750799466, -0.3646923675078646, -0.364692367508031, -0.36469236750787976, -0.36469236750804634, -0.36469236750788236, -0.364692367508049, -0.3646923675078999, -0.3646923675080662, -0.3646923675079483, -0.3646923675081148, -0.3646923675088733, -0.3646923675090399, -0.36469236752179623, -0.36469236752196277, -0.36469236770393804, -0.3646923677041043, -0.3646923701216941, -0.3646923701218608, -0.3646924055787734, -0.3646924055789404, -0.36469285256013223, -0.3646928525603031, -0.36470005261194877, -0.36470005261217875, -0.36478073927077564, -0.36478073927097593, -0.3664099688096056, -0.3664099688096746, -0.38120181817938315, -0.38120181817939464, -0.414538720418563, -0.414538720418563]
144  0.6  200  -344.7339319650056  [-0.16799540204257074, -0.16799540204257074, 0.12504393651351767, 0.12504393651353315, 0.17749848355871756, 0.17749848355868467, 0.18093623177584814, 0.18093623177583104, 0.1811929942684554, 0.18119299426854538, 0.18121066937865074, 0.18121066937876695, 0.18121196235691403, 0.18121196235702947, 0.1812120531225145, 0.18121205312262856, 0.18121205968408882, 0.18121205968420293, 0.181212060149026, 0.18121206014914001, 0.18121206018241287, 0.18121206018252684, 0.1812120601847608, 0.18121206018487487, 0.18121206018501068, 0.18121206018512465, 0.18121206018498934, 0.1812120601851033, 0.1812120601849679, 0.18121206018508199, 0.1812120601849439, 0.18121206018505776, 0.18121206018499153, 0.18121206018510572, 0.18121206018501873, 0.18121206018513278, 0.18121206018498962, 0.18121206018510397, 0.18121206018491248, 0.18121206018502667, 0.18121206018486039, 0.1812120601849745, 0.18121206018487931, 0.18121206018499342, 0.1812120601849021, 0.18121206018501584, 0.18121206018490124, 0.18121206018501526, 0.18121206018490627, 0.18121206018502034, 0.18121206018495958, 0.18121206018507374, 0.18121206018501465, 0.18121206018512884, 0.18121206018493985, 0.18121206018505426, 0.18121206018493918, 0.18121206018505334, 0.18121206018495295, 0.18121206018506714, 0.18121206018492733, 0.18121206018504163, 0.18121206018491165, 0.18121206018502597, 0.18121206018495983, 0.18121206018507402, 0.1812120601847501, 0.1812120601848643, 0.18121206017265418, 0.18121206017276204, 0.18121206017620595, 0.1812120601762758, 0.18121206019023023, 0.1812120601902917, 0.181212060306655, 0.181212060306755, 0.18121206040628204, 0.18121206040639645, 0.1812120601990302, 0.18121206019914485, 0.18121206018581132, 0.1812120601859256, 0.1812120601849744, 0.1812120601850884, 0.18121206018491592, 0.18121206018503008, 0.18121206018491295, 0.18121206018502692, 0.1812120601849692, 0.1812120601850836, 0.18121206018496996, 0.18121206018508426, 0.1812120601849792, 0.18121206018509342, 0.18121206018498437, 0.18121206018509833, 0.18121206018496422, 0.18121206018507838, 0.18121206018495503, 0.18121206018506913, 0.18121206018496555, 0.1812120601850798, 0.1812120601849733, 0.18121206018508715, 0.18121206018497243, 0.18121206018508645, 0.18121206018488822, 0.18121206018500216, 0.18121206018491234, 0.1812120601850265, 0.18121206018493308, 0.18121206018504704, 0.18121206018493702, 0.18121206018505148, 0.18121206018499797, 0.18121206018511182, 0.18121206018493102, 0.1812120601850451, 0.18121206018493347, 0.18121206018504776, 0.18121206018482974, 0.18121206018494393, 0.18121206018245156, 0.1812120601825657, 0.18121206014903726, 0.18121206014915114, 0.18121205968411164, 0.18121205968422552, 0.18121205312154454, 0.18121205312165864, 0.18121196233732392, 0.1812119623374379, 0.18121066913864495, 0.18121066913875852, 0.18119299393502417, 0.18119299393512114, 0.18093623156013616, 0.18093623156034186, 0.17749848373077878, 0.17749848373092605, 0.12504393686922471, 0.1250439368692097, -0.16799540196757026, -0.16799540196757023]
144  0.5  200  -514.9812302257399  [0.21658669244494724, 0.21658669244494724, 0.7895937419283209, 0.7895937419283491, 0.8909722945172996, 0.8909722945151217, 0.8956665660541773, 0.8956665660519135, 0.8960255884699944, 0.896025588468766, 0.8960455745223994, 0.8960455745205098, 0.8960469267038619, 0.8960469267042322, 0.8960470076537403, 0.8960470076545044, 0.8960470128666052, 0.8960470128665324, 0.8960470131974703, 0.8960470131952138, 0.8960470132208534, 0.8960470132185224, 0.8960470132419222, 0.896047013242336, 0.8960470132217507, 0.8960470132211377, 0.896047013213852, 0.8960470132130556, 0.8960470132293943, 0.896047013229461, 0.8960470132318559, 0.8960470132321376, 0.8960470132291884, 0.8960470132287757, 0.8960470132233748, 0.8960470132231174, 0.8960470132204785, 0.8960470132204761, 0.8960470132218151, 0.8960470132209022, 0.8960470132298306, 0.8960470132290482, 0.8960470132333669, 0.8960470132310414, 0.8960470132352375, 0.8960470132332699, 0.8960470132364395, 0.8960470132365573, 0.8960470132225099, 0.8960470132216718, 0.896047013218267, 0.8960470132168417, 0.896047013212823, 0.8960470132125612, 0.8960470132258945, 0.8960470132266471, 0.8960470132214289, 0.896047013220244, 0.8960470132298598, 0.8960470132283825, 0.8960470132429453, 0.896047013243291, 0.8960470132263985, 0.8960470132269495, 0.8960470132136075, 0.8960470132137767, 0.896047013212849, 0.896047013210689, 0.8960470132178263, 0.89604701321424, 0.8960470132362777, 0.8960470132343905, 0.8960470132493201, 0.8960470132486318, 0.8960470132228294, 0.8960470132224199, 0.8960470132090214, 0.8960470132090425, 0.896047013219628, 0.8960470132199866, 0.89604701321221, 0.8960470132129624, 0.8960470132159132, 0.8960470132165754, 0.8960470132189122, 0.8960470132189307, 0.8960470132223453, 0.8960470132199333, 0.896047013222968, 0.8960470132209885, 0.8960470132336102, 0.8960470132337945, 0.8960470132260994, 0.8960470132251684, 0.896047013212077, 0.896047013210986, 0.8960470132187514, 0.896047013217856, 0.896047013226115, 0.8960470132261301, 0.8960470132372529, 0.8960470132363191, 0.8960470132256827, 0.896047013223762, 0.8960470132365035, 0.8960470132353118, 0.8960470132259044, 0.8960470132250062, 0.8960470132149407, 0.896047013214611, 0.8960470132219406, 0.8960470132217931, 0.8960470132201892, 0.8960470132191911, 0.8960470132209194, 0.8960470132201894, 0.8960470132284519, 0.8960470132281071, 0.8960470132156184, 0.8960470132154724, 0.8960470132265341, 0.8960470132267864, 0.8960470132264444, 0.8960470132264372, 0.8960470132006662, 0.896047013199199, 0.8960470128840564, 0.8960470128793664, 0.8960470076578866, 0.8960470076548259, 0.896046926732183, 0.896046926731627, 0.8960455745432607, 0.8960455745434994, 0.8960255883659962, 0.8960255883661115, 0.8956665660422887, 0.895666566042358, 0.8909722948579136, 0.8909722948572204, 0.7895937423569854, 0.7895937423553933, 0.21658669271696707, 0.21658669271696707]
144  0.4  200  -844.2290229641188  [0.7496353303780339, 0.7496353303780339, 1.4858920279998178, 1.4858920279998253, 1.5810199846766329, 1.5810199846764585, 1.5834190254612108, 1.5834190254610938, 1.583531349091915, 1.5835313490920542, 1.583534994096796, 1.5835349940971304, 1.5835351388950596, 1.5835351388954344, 1.5835351440852339, 1.5835351440855328, 1.5835351441666652, 1.583535144166912, 1.583535144253164, 1.5835351442532435, 1.5835351443157726, 1.5835351443158083, 1.5835351448283121, 1.5835351448285873, 1.5835351443893677, 1.583535144389711, 1.583535144277762, 1.5835351442781038, 1.5835351443587842, 1.5835351443591335, 1.5835351442789203, 1.5835351442792438, 1.5835351442969021, 1.5835351442972452, 1.583535144313812, 1.583535144314153, 1.5835351443020578, 1.5835351443024066, 1.583535144293621, 1.5835351442938723, 1.5835351441849266, 1.5835351441848602, 1.5835351445862382, 1.5835351445859371, 1.5835351455058668, 1.5835351455057571, 1.583535144959465, 1.58353514495969, 1.5835351443292207, 1.5835351443295682, 1.583535144251579, 1.5835351442519, 1.5835351442448429, 1.583535144245152, 1.5835351443216488, 1.5835351443220174, 1.583535144243471, 1.5835351442438566, 1.5835351442658496, 1.583535144266265, 1.5835351442543266, 1.5835351442546208, 1.5835351442934849, 1.583535144293691, 1.5835351443635477, 1.5835351443638266, 1.5835351442390273, 1.583535144239198, 1.5835351442961048, 1.583535144296235, 1.583535144517077, 1.583535144517297, 1.583535144381097, 1.583535144381426, 1.583535144462775, 1.5835351444630292, 1.583535144271604, 1.583535144271808, 1.5835351442605154, 1.5835351442606274, 1.5835351438245975, 1.5835351438247771, 1.5835351441181138, 1.5835351441180723, 1.5835351440574943, 1.5835351440572345, 1.58353514493159, 1.583535144931397, 1.5835351455588769, 1.5835351455586975, 1.5835351447113784, 1.583535144711403, 1.5835351445532142, 1.5835351445534194, 1.5835351443127286, 1.5835351443129697, 1.5835351443283907, 1.5835351443286874, 1.5835351441498915, 1.5835351441502294, 1.583535144086524, 1.5835351440866359, 1.5835351444017784, 1.583535144401612, 1.5835351451344304, 1.5835351451344073, 1.5835351446276063, 1.5835351446277974, 1.583535144267965, 1.5835351442682117, 1.583535144206251, 1.583535144206358, 1.5835351442081693, 1.5835351442082333, 1.5835351443545767, 1.5835351443546504, 1.5835351443294883, 1.5835351443293344, 1.5835351447722181, 1.5835351447722605, 1.5835351445760142, 1.583535144576306, 1.5835351442552132, 1.5835351442554297, 1.5835351442798649, 1.5835351442800403, 1.583535144450574, 1.583535144450783, 1.5835351441721415, 1.5835351441724157, 1.5835351391237182, 1.583535139124063, 1.583534993439938, 1.5835349934403147, 1.5835313477621773, 1.5835313477623063, 1.5834190242705795, 1.5834190242703778, 1.581019983838189, 1.5810199838379952, 1.485892027633926, 1.4858920276339336, 0.7496353302669676, 0.7496353302669676]
144  0.3  200  -1550.4151599554773  [1.210985930018741, 1.210985930018741, 1.9754712945723412, 1.9754712945723412, 2.019981783033954, 2.019981783033954, 2.0203860189485416, 2.0203860189485416, 2.0203932073128965, 2.0203932073128965, 2.020393294221854, 2.020393294221854, 2.020393295514287, 2.020393295514287, 2.0203932955322266, 2.0203932955322266, 2.020393295533385, 2.020393295533385, 2.020393295533093, 2.020393295533093, 2.020393295533018, 2.020393295533018, 2.020393295532819, 2.020393295532819, 2.0203932955330908, 2.0203932955330908, 2.0203932955332657, 2.020393295533268, 2.0203932955331485, 2.0203932955331485, 2.0203932955330135, 2.0203932955330135, 2.020393295533159, 2.020393295533159, 2.020393295533226, 2.020393295533226, 2.0203932955331485, 2.0203932955331485, 2.0203932955330632, 2.0203932955330632, 2.020393295533093, 2.020393295533093, 2.020393295533093, 2.020393295533093, 2.0203932955331028, 2.0203932955331028, 2.020393295533177, 2.020393295533177, 2.020393295533095, 2.020393295533093, 2.020393295533118, 2.020393295533118, 2.0203932955331223, 2.0203932955331223, 2.020393295532992, 2.020393295532992, 2.020393295532985, 2.0203932955329846, 2.0203932955331667, 2.0203932955331667, 2.0203932955331707, 2.020393295533173, 2.0203932955331885, 2.0203932955331885, 2.020393295533169, 2.020393295533169, 2.020393295533109, 2.020393295533109, 2.020393295533044, 2.020393295533044, 2.0203932955330153, 2.020393295533018, 2.020393295533113, 2.020393295533113, 2.0203932955331623, 2.0203932955331623, 2.0203932955331614, 2.0203932955331614, 2.0203932955331414, 2.0203932955331414, 2.0203932955330908, 2.020393295533093, 2.0203932955330317, 2.0203932955330326, 2.020393295533056, 2.020393295533056, 2.0203932955331068, 2.0203932955331068, 2.020393295533215, 2.020393295533215, 2.020393295533018, 2.020393295533018, 2.0203932955330326, 2.0203932955330326, 2.020393295533152, 2.020393295533152, 2.0203932955333026, 2.0203932955333013, 2.0203932955333155, 2.0203932955333164, 2.020393295533066, 2.020393295533067, 2.020393295531006, 2.020393295531007, 2.0203932955318953, 2.0203932955318935, 2.020393295533571, 2.020393295533571, 2.0203932955333244, 2.0203932955333244, 2.0203932955331907, 2.0203932955331907, 2.020393295533192, 2.0203932955331916, 2.0203932955332453, 2.0203932955332453, 2.0203932955332533, 2.0203932955332524, 2.020393295533107, 2.020393295533107, 2.020393295533074, 2.0203932955330726, 2.0203932955329122, 2.0203932955329114, 2.020393295532933, 2.0203932955329327, 2.0203932955330997, 2.0203932955330997, 2.0203932955327204, 2.020393295532721, 2.0203932955155315, 2.020393295515531, 2.020393294222303, 2.0203932942223024, 2.020393207306516, 2.0203932073065154, 2.0203860188637983, 2.0203860188637983, 2.019981782748799, 2.019981782748799, 1.9754712942641959, 1.9754712942641959, 1.2109859298725159, 1.2109859298725159]
144  0.2  200  -3537.2970180682246  [1.4383796343094546, 1.4383796343094546, 2.193108152177652, 2.193108152177652, 2.203225970228688, 2.203225970228688, 2.203244934138624, 2.203244934138624, 2.2032450048904617, 2.2032450048904635, 2.203245004947718, 2.203245004947717, 2.2032450048459515, 2.2032450048459515, 2.203245006456552, 2.203245006456552, 2.2032450055458557, 2.2032450055458557, 2.2032450056580046, 2.2032450056580046, 2.203245006285684, 2.203245006285684, 2.203245005262823, 2.2032450052628216, 2.20324500636701, 2.2032450063670104, 2.2032450052699257, 2.2032450052699257, 2.20324500622486, 2.20324500622486, 2.2032450054671657, 2.2032450054671657, 2.203245004889536, 2.2032450048895376, 2.20324500485536, 2.20324500485536, 2.2032450048897223, 2.2032450048897214, 2.203245004978364, 2.2032450049783585, 2.2032450062180557, 2.2032450062180557, 2.203245005425229, 2.203245005425227, 2.2032450051173944, 2.2032450051173944, 2.2032450048548817, 2.203245004854883, 2.203245004841068, 2.203245004841068, 2.2032450062072018, 2.2032450062072018, 2.2032450054727772, 2.2032450054727772, 2.2032450048573486, 2.2032450048573486, 2.203245006202588, 2.203245006202588, 2.203245005571373, 2.203245005571373, 2.2032450055337653, 2.2032450055337653, 2.2032450062821627, 2.2032450062821627, 2.2032450054408135, 2.203245005440813, 2.2032450065074434, 2.2032450065074434, 2.203245005279818, 2.203245005279814, 2.2032450064068487, 2.2032450064068487, 2.20324500660869, 2.20324500660869, 2.2032450063454285, 2.2032450063454285, 2.2032450049006553, 2.203245004900653, 2.203245004920203, 2.2032450049202037, 2.2032450049811354, 2.2032450049811327, 2.2032450053100083, 2.2032450053100074, 2.2032450056582595, 2.2032450056582595, 2.203245004896328, 2.2032450048963295, 2.2032450049729237, 2.2032450049729126, 2.203245004828558, 2.203245004828558, 2.2032450048597374, 2.203245004859736, 2.203245006204713, 2.203245006204712, 2.2032450054980686, 2.203245005498069, 2.2032450051067505, 2.203245005106735, 2.203245004948527, 2.203245004948527, 2.203245005136558, 2.2032450051365573, 2.203245005132729, 2.203245005132728, 2.2032450049095074, 2.2032450049095056, 2.2032450053028176, 2.203245005302816, 2.2032450048581707, 2.2032450048581707, 2.2032450048710657, 2.203245004871065, 2.2032450054123047, 2.203245005412284, 2.203245006647056, 2.203245006647056, 2.2032450055326414, 2.2032450055326414, 2.2032450050975125, 2.2032450050975108, 2.203245005610489, 2.2032450056104724, 2.2032450063390874, 2.2032450063390865, 2.2032450055402455, 2.203245005540245, 2.2032450051633954, 2.2032450051633945, 2.203245005250964, 2.203245005250964, 2.2032450062155995, 2.2032450062156, 2.203245005304119, 2.2032450053041184, 2.2032449336557223, 2.2032449336557214, 2.203225968767099, 2.2032259687670974, 2.1931081511770776, 2.1931081511770767, 1.4383796342469837, 1.4383796342469837]
144  0.1  200  -14196.792153108336  [1.4960796539568018, 1.4960796539568018, 2.246404731873246, 2.246404731873246, 2.247057519842077, 2.247057519842077, 2.247057597059899, 2.247057597059899, 2.247057597078062, 2.247057597078062, 2.2470575970782796, 2.2470575970782796, 2.2470575970784727, 2.2470575970784705, 2.247057597078454, 2.247057597078454, 2.2470575970784505, 2.2470575970784505, 2.2470575970783377, 2.2470575970783377, 2.247057597078363, 2.247057597078363, 2.2470575970781654, 2.2470575970781654, 2.247057597078423, 2.247057597078423, 2.2470575970783835, 2.2470575970783835, 2.2470575970784106, 2.2470575970784106, 2.2470575970784887, 2.2470575970784887, 2.247057597078286, 2.247057597078286, 2.247057597078486, 2.247057597078486, 2.2470575970784328, 2.2470575970784328, 2.2470575970784643, 2.2470575970784643, 2.2470575970786086, 2.2470575970786086, 2.2470575970783995, 2.2470575970783995, 2.24705759707829, 2.24705759707829, 2.247057597078293, 2.247057597078293, 2.247057597078278, 2.247057597078276, 2.2470575970784696, 2.2470575970784705, 2.247057597078182, 2.247057597078182, 2.24705759707843, 2.24705759707843, 2.2470575970784146, 2.2470575970784155, 2.247057597078311, 2.247057597078311, 2.2470575970782636, 2.247057597078265, 2.2470575970784052, 2.2470575970784052, 2.2470575970783866, 2.2470575970783866, 2.2470575970782534, 2.2470575970782534, 2.2470575970784594, 2.2470575970784616, 2.2470575970783107, 2.2470575970783107, 2.247057597078258, 2.247057597078258, 2.247057597078305, 2.247057597078305, 2.2470575970781708, 2.2470575970781708, 2.2470575970782796, 2.2470575970782796, 2.247057597078322, 2.247057597078322, 2.247057597078391, 2.247057597078391, 2.247057597078483, 2.247057597078483, 2.247057597078405, 2.247057597078405, 2.247057597078249, 2.2470575970782485, 2.247057597078486, 2.247057597078486, 2.247057597078299, 2.247057597078299, 2.2470575970785194, 2.2470575970785194, 2.2470575970782325, 2.2470575970782325, 2.247057597078446, 2.247057597078446, 2.24705759707853, 2.24705759707853, 2.247057597078438, 2.2470575970784377, 2.2470575970783813, 2.2470575970783813, 2.2470575970783417, 2.2470575970783417, 2.2470575970782694, 2.2470575970782694, 2.2470575970784146, 2.2470575970784146, 2.2470575970785283, 2.2470575970785283, 2.2470575970782107, 2.24705759707821, 2.2470575970781965, 2.2470575970781965, 2.2470575970782134, 2.2470575970782134, 2.2470575970783653, 2.2470575970783653, 2.247057597078371, 2.247057597078371, 2.2470575970784576, 2.2470575970784576, 2.2470575970784954, 2.2470575970784954, 2.247057597078531, 2.247057597078531, 2.2470575970783977, 2.2470575970783977, 2.247057597078409, 2.247057597078409, 2.247057597078646, 2.247057597078646, 2.2470575970599618, 2.2470575970599618, 2.24705751984194, 2.24705751984194, 2.246404731872868, 2.246404731872868, 1.4960796539567873, 1.496079653956787]
