160  3.0  200  -2142.0271755336626  [-0.9999904151948125, -0.9999904151948125, -1.4999808304193774, -1.4999808304193771, -1.4999808304011992, -1.4999808304011992, -1.4999808304011994, -1.4999808304011994, -1.4999808304011997, -1.4999808304011997, -1.4999808304012, -1.4999808304012, -1.4999808304012, -1.4999808304011997, -1.4999808304012001, -1.4999808304012, -1.4999808304012, -1.4999808304011997, -1.4999808304012001, -1.4999808304012, -1.4999808304012, -1.4999808304012, -1.4999808304011997, -1.4999808304011997, -1.4999808304012001, -1.4999808304012, -1.4999808304012003, -1.4999808304012003, -1.4999808304012003, -1.4999808304012003, -1.4999808304012001, -1.4999808304012001, -1.4999808304012008, -1.4999808304012006, -1.4999808304012008, -1.4999808304012008, -1.4999808304012006, -1.4999808304012003, -1.499980830401201, -1.499980830401201, -1.499980830401201, -1.499980830401201, -1.4999808304012012, -1.499980830401201, -1.4999808304012012, -1.4999808304012012, -1.4999808304012012, -1.4999808304012012, -1.4999808304012017, -1.4999808304012017, -1.4999808304012017, -1.4999808304012017, -1.4999808304012017, -1.4999808304012017, -1.4999808304012021, -1.499980830401202, -1.499980830401202, -1.4999808304012017, -1.4999808304012023, -1.4999808304012021, -1.4999808304012021, -1.4999808304012017, -1.4999808304012021, -1.4999808304012021, -1.499980830401202, -1.499980830401202, -1.4999808304012023, -1.4999808304012023, -1.4999808304012023, -1.4999808304012026, -1.4999808304012026, -1.4999808304012028, -1.499980830401203, -1.4999808304012028, -1.499980830401203, -1.4999808304012032, -1.4999808304012034, -1.4999808304012034, -1.4999808304012037, -1.4999808304012037, -1.4999808304012037, -1.4999808304012034, -1.4999808304012037, -1.4999808304012037, -1.4999808304012037, -1.4999808304012037, -1.499980830401204, -1.4999808304012041, -1.4999808304012041, -1.4999808304012041, -1.4999808304012041, -1.499980830401204, -1.4999808304012048, -1.4999808304012046, -1.4999808304012046, -1.4999808304012046, -1.499980830401205, -1.4999808304012048, -1.4999808304012048, -1.4999808304012046, -1.4999808304012052, -1.499980830401205, -1.499980830401205, -1.499980830401205, -1.4999808304012057, -1.4999808304012057, -1.4999808304012054, -1.4999808304012057, -1.4999808304012057, -1.4999808304012057, -1.499980830401206, -1.499980830401206, -1.4999808304012063, -1.4999808304012063, -1.4999808304012063, -1.4999808304012063, -1.4999808304012066, -1.4999808304012066, -1.4999808304012068, -1.4999808304012066, -1.4999808304012066, -1.4999808304012066, -1.4999808304012068, -1.499980830401207, -1.4999808304012068, -1.4999808304012068, -1.499980830401207, -1.499980830401207, -1.499980830401207, -1.499980830401207, -1.4999808304012074, -1.4999808304012072, -1.4999808304012072, -1.4999808304012072, -1.4999808304012072, -1.499980830401207, -1.4999808304012072, -1.4999808304012072, -1.4999808304012074, -1.4999808304012074, -1.4999808304012074, -1.4999808304012074, -1.4999808304012077, -1.4999808304012074, -1.4999808304012077, -1.4999808304012077, -1.4999808304012079, -1.4999808304012079, -1.4999808304012079, -1.4999808304012079, -1.4999808304012079, -1.4999808304012079, -1.4999808304012079, -1.4999808304012079, -1.499980830401208, -1.499980830401208, -1.4999808304193771, -1.4999808304193774, -0.999990415194805, -0.999990415194805]
160  2.0  200  -952.3134236848547  [-0.9997482081732648, -0.9997482081732648, -1.4994964368665038, -1.4994964368665038, -1.4994964243241042, -1.4994964243241042, -1.4994964243224866, -1.4994964243224864, -1.4994964243225044, -1.4994964243225044, -1.499496424322516, -1.499496424322516, -1.499496424322513, -1.499496424322513, -1.4994964243224937, -1.499496424322494, -1.4994964243224875, -1.4994964243224878, -1.4994964243224655, -1.4994964243224655, -1.4994964243224844, -1.4994964243224846, -1.4994964243225088, -1.4994964243225088, -1.4994964243225104, -1.4994964243225104, -1.4994964243225066, -1.4994964243225066, -1.4994964243224975, -1.4994964243224977, -1.4994964243224582, -1.4994964243224582, -1.499496424322445, -1.4994964243224447, -1.4994964243224427, -1.4994964243224427, -1.4994964243224513, -1.4994964243224513, -1.4994964243225068, -1.4994964243225066, -1.4994964243225202, -1.4994964243225202, -1.4994964243225128, -1.4994964243225126, -1.49949642432252, -1.49949642432252, -1.499496424322496, -1.499496424322496, -1.4994964243224915, -1.4994964243224915, -1.499496424322474, -1.4994964243224742, -1.499496424322428, -1.4994964243224282, -1.4994964243224131, -1.4994964243224134, -1.4994964243224205, -1.4994964243224205, -1.4994964243224183, -1.4994964243224183, -1.4994964243224673, -1.4994964243224675, -1.4994964243224818, -1.4994964243224818, -1.4994964243224829, -1.499496424322483, -1.499496424322511, -1.499496424322511, -1.4994964243224944, -1.4994964243224944, -1.499496424322495, -1.4994964243224949, -1.499496424322501, -1.499496424322501, -1.4994964243224713, -1.4994964243224713, -1.4994964243224558, -1.4994964243224558, -1.499496424322442, -1.499496424322442, -1.4994964243224782, -1.4994964243224784, -1.4994964243224842, -1.4994964243224842, -1.4994964243224729, -1.4994964243224727, -1.4994964243224682, -1.499496424322468, -1.4994964243224378, -1.4994964243224378, -1.4994964243224744, -1.4994964243224744, -1.4994964243224902, -1.4994964243224902, -1.4994964243224653, -1.4994964243224653, -1.4994964243224342, -1.4994964243224345, -1.4994964243224176, -1.4994964243224176, -1.499496424322391, -1.499496424322391, -1.4994964243223683, -1.4994964243223685, -1.4994964243223468, -1.499496424322347, -1.4994964243223952, -1.4994964243223954, -1.4994964243224322, -1.4994964243224322, -1.499496424322472, -1.4994964243224722, -1.499496424322514, -1.499496424322514, -1.4994964243225404, -1.4994964243225402, -1.4994964243225235, -1.4994964243225235, -1.499496424322495, -1.499496424322495, -1.4994964243225, -1.4994964243225002, -1.4994964243224838, -1.4994964243224842, -1.4994964243224906, -1.4994964243224906, -1.4994964243224613, -1.4994964243224616, -1.4994964243223827, -1.4994964243223827, -1.4994964243223763, -1.4994964243223765, -1.4994964243224698, -1.4994964243224695, -1.4994964243225035, -1.4994964243225037, -1.4994964243224818, -1.4994964243224818, -1.499496424322458, -1.499496424322458, -1.499496424322454, -1.499496424322454, -1.4994964243224507, -1.4994964243224507, -1.4994964243224311, -1.4994964243224311, -1.499496424322417, -1.499496424322417, -1.4994964243224078, -1.4994964243224076, -1.4994964243224314, -1.4994964243224316, -1.4994964243224194, -1.4994964243224194, -1.4994964243237145, -1.4994964243237148, -1.4994964368654007, -1.4994964368654007, -0.9997482081724134, -0.9997482081724134]
160  1.5  200  -537.3196974480478  [-0.99731980204211, -0.99731980204211, -1.4946419207690143, -1.4946419207690143, -1.4946405031637708, -1.4946405031637657, -1.494640501360544, -1.494640501360544, -1.4946405013585282, -1.4946405013585282, -1.4946405013585835, -1.4946405013585835, -1.4946405013583322, -1.4946405013583322, -1.494640501358605, -1.4946405013586046, -1.4946405013581323, -1.4946405013581323, -1.4946405013591164, -1.4946405013591144, -1.4946405013584056, -1.4946405013584059, -1.494640501358077, -1.494640501358077, -1.4946405013583313, -1.4946405013583273, -1.4946405013586017, -1.4946405013585995, -1.494640501357982, -1.494640501357982, -1.4946405013583481, -1.4946405013583441, -1.4946405013586008, -1.4946405013585984, -1.4946405013583892, -1.4946405013583892, -1.494640501358563, -1.4946405013585633, -1.4946405013580593, -1.4946405013580593, -1.494640501358343, -1.494640501358339, -1.4946405013586026, -1.4946405013586002, -1.494640501358014, -1.494640501358014, -1.4946405013592245, -1.4946405013592226, -1.494640501357972, -1.494640501357972, -1.4946405013591593, -1.4946405013591564, -1.4946405013580046, -1.4946405013580046, -1.4946405013583084, -1.494640501358307, -1.4946405013586925, -1.494640501358692, -1.4946405013579902, -1.4946405013579902, -1.4946405013592676, -1.4946405013592643, -1.4946405013579784, -1.4946405013579782, -1.4946405013592705, -1.4946405013592663, -1.4946405013583464, -1.4946405013583468, -1.4946405013581827, -1.4946405013581827, -1.4946405013587754, -1.4946405013587793, -1.4946405013585353, -1.494640501358535, -1.4946405013581447, -1.4946405013581447, -1.4946405013591222, -1.4946405013591213, -1.4946405013580157, -1.4946405013580155, -1.4946405013592827, -1.4946405013592856, -1.4946405013583646, -1.494640501358365, -1.494640501358527, -1.4946405013585269, -1.4946405013580928, -1.4946405013580928, -1.4946405013592754, -1.4946405013592725, -1.494640501357953, -1.4946405013579527, -1.4946405013583015, -1.4946405013582993, -1.4946405013588278, -1.494640501358825, -1.4946405013584523, -1.4946405013584523, -1.4946405013583703, -1.4946405013583703, -1.494640501357951, -1.494640501357951, -1.494640501358355, -1.4946405013583588, -1.4946405013584994, -1.4946405013585022, -1.4946405013579724, -1.4946405013579729, -1.494640501359091, -1.4946405013590933, -1.4946405013580066, -1.4946405013580066, -1.494640501359324, -1.4946405013593203, -1.4946405013583997, -1.4946405013583997, -1.4946405013579986, -1.4946405013579986, -1.4946405013589816, -1.4946405013589765, -1.4946405013580264, -1.4946405013580262, -1.4946405013590993, -1.4946405013590969, -1.4946405013583828, -1.494640501358383, -1.494640501357938, -1.494640501357938, -1.4946405013593052, -1.494640501359306, -1.4946405013583997, -1.4946405013583999, -1.494640501358511, -1.494640501358511, -1.4946405013585622, -1.4946405013585622, -1.4946405013584858, -1.4946405013584858, -1.4946405013586765, -1.4946405013586765, -1.4946405013582884, -1.4946405013582884, -1.4946405013585948, -1.4946405013585946, -1.4946405013580555, -1.4946405013580555, -1.4946405013592525, -1.4946405013592492, -1.4946405013580093, -1.4946405013580093, -1.4946405013592547, -1.4946405013592508, -1.4946405013601107, -1.4946405013601105, -1.4946405031639451, -1.4946405031639425, -1.4946419207708954, -1.4946419207708954, -0.9973198020421083, -0.9973198020421083]
160  1.0  200  -262.13581739387746  [-0.9134611127860979, -0.9134611127860979, -1.329359850302497, -1.329359850302525, -1.3282630146789207, -1.3282630146782197, -1.3282203201976803, -1.3282203201987768, -1.3282189003044351, -1.3282189003076446, -1.3282188519747113, -1.3282188519738083, -1.32821885033516, -1.3282188503311332, -1.3282188502766623, -1.3282188502744094, -1.3282188502736585, -1.328218850275909, -1.328218850274346, -1.3282188502794037, -1.328218850274996, -1.3282188502789833, -1.3282188502748469, -1.3282188502779309, -1.3282188502740684, -1.328218850277181, -1.328218850275584, -1.3282188502765593, -1.3282188502742898, -1.3282188502738534, -1.3282188502757197, -1.3282188502765748, -1.3282188502754078, -1.328218850273843, -1.3282188502724643, -1.32821885027007, -1.3282188502730008, -1.3282188502746501, -1.328218850275564, -1.328218850277517, -1.328218850274177, -1.328218850274809, -1.3282188502744599, -1.3282188502774916, -1.328218850275776, -1.3282188502758945, -1.3282188502766936, -1.3282188502721657, -1.3282188502784784, -1.3282188502743182, -1.328218850276468, -1.328218850274858, -1.3282188502753889, -1.3282188502763455, -1.3282188502738768, -1.3282188502742125, -1.3282188502774672, -1.328218850275637, -1.3282188502776184, -1.3282188502743781, -1.3282188502761572, -1.3282188502749672, -1.3282188502745669, -1.3282188502724979, -1.3282188502769667, -1.3282188502729888, -1.328218850277073, -1.3282188502756906, -1.3282188502755403, -1.3282188502746697, -1.3282188502762036, -1.328218850274313, -1.328218850279549, -1.3282188502733123, -1.328218850278011, -1.328218850272435, -1.3282188502737415, -1.3282188502749552, -1.3282188502765748, -1.328218850276457, -1.3282188502777412, -1.3282188502741559, -1.3282188502795724, -1.3282188502713077, -1.3282188502790087, -1.3282188502714545, -1.3282188502746335, -1.328218850270214, -1.3282188502781094, -1.3282188502681107, -1.328218850279281, -1.32821885026947, -1.3282188502747412, -1.3282188502716068, -1.3282188502781793, -1.32821885027333, -1.3282188502757013, -1.3282188502721455, -1.328218850270615, -1.3282188502748304, -1.3282188502738228, -1.3282188502756265, -1.328218850275149, -1.3282188502700758, -1.3282188502761876, -1.3282188502729213, -1.3282188502757817, -1.3282188502777512, -1.3282188502731602, -1.3282188502779346, -1.3282188502759602, -1.328218850274827, -1.3282188502772305, -1.3282188502704488, -1.3282188502744967, -1.328218850271337, -1.3282188502755066, -1.328218850274128, -1.3282188502743557, -1.3282188502714802, -1.328218850278025, -1.3282188502737846, -1.3282188502743049, -1.3282188502721641, -1.3282188502739927, -1.3282188502748289, -1.328218850274308, -1.3282188502758712, -1.32821885027442, -1.3282188502762369, -1.3282188502745065, -1.3282188502757943, -1.3282188502741608, -1.3282188502757253, -1.3282188502749246, -1.3282188502753505, -1.3282188502731749, -1.3282188502728902, -1.3282188502751326, -1.3282188502755525, -1.328218850274545, -1.3282188502716143, -1.328218850274842, -1.328218850272682, -1.3282188502761816, -1.3282188502793342, -1.328218850331857, -1.328218850334242, -1.3282188519745355, -1.328218851973505, -1.328218900304185, -1.3282189003052578, -1.3282203201966036, -1.3282203201963116, -1.3282630146875987, -1.328263014682904, -1.329359850305082, -1.3293598503027806, -0.9134611127821612, -0.9134611127821612]
160  0.9  200  -239.9578627385211  [-0.8051526507938774, -0.8051526507938774, -1.1225526231944418, -1.1225526231946619, -1.1190753987559445, -1.1190753987608006, -1.118798508784197, -1.1187985087935923, -1.1187827302211057, -1.1187827302294417, -1.1187817596709273, -1.1187817596811631, -1.1187817005950935, -1.1187817006053375, -1.1187816969969422, -1.1187816970040108, -1.118781697068498, -1.118781697075466, -1.1187816970974536, -1.118781697104402, -1.118781697050593, -1.1187816970577045, -1.1187816969574573, -1.1187816969646216, -1.1187816969126794, -1.1187816969198427, -1.11878169691574, -1.1187816969228639, -1.11878169695444, -1.1187816969623616, -1.1187816968554867, -1.1187816968635522, -1.118781696777138, -1.1187816967842255, -1.118781696950396, -1.118781696957431, -1.1187816969743327, -1.1187816969814879, -1.118781696917477, -1.118781696924542, -1.1187816970078444, -1.118781697014809, -1.1187816971035538, -1.1187816971105218, -1.118781697108341, -1.1187816971153082, -1.118781697108847, -1.1187816971158127, -1.118781697109089, -1.1187816971160551, -1.1187816971092013, -1.1187816971161668, -1.118781697109395, -1.1187816971163604, -1.1187816971107742, -1.1187816971177398, -1.1187816971340303, -1.1187816971409967, -1.1187816971565063, -1.118781697163472, -1.118781697159267, -1.1187816971665383, -1.1187816970811948, -1.1187816970915814, -1.1187816967413131, -1.1187816967516626, -1.1187816967344975, -1.1187816967432895, -1.1187816968385915, -1.1187816968471405, -1.1187816969723843, -1.1187816969793545, -1.1187816971644655, -1.1187816971739195, -1.1187816968250943, -1.11878169683702, -1.118781696539459, -1.118781696551138, -1.118781696472913, -1.1187816964822832, -1.1187816966511053, -1.1187816966582969, -1.1187816968502846, -1.1187816968574373, -1.1187816968692157, -1.1187816968762645, -1.118781696929655, -1.1187816969366864, -1.1187816969385853, -1.1187816969457192, -1.1187816968905506, -1.1187816968976831, -1.118781696869449, -1.1187816968765985, -1.1187816968709106, -1.118781696877958, -1.1187816969297246, -1.1187816969367568, -1.118781696935691, -1.118781696942826, -1.118781696868151, -1.1187816968752822, -1.1187816968641995, -1.118781696871332, -1.1187816968641282, -1.1187816968712598, -1.1187816968666637, -1.118781696873796, -1.1187816968843014, -1.1187816968914333, -1.1187816969018085, -1.1187816969089577, -1.118781696887459, -1.118781696894504, -1.1187816969716193, -1.1187816969802493, -1.1187816968590003, -1.118781696867842, -1.1187816967530348, -1.1187816967602764, -1.1187816968735425, -1.118781696880675, -1.1187816968949094, -1.1187816969020585, -1.118781696920207, -1.1187816969272704, -1.1187816969903261, -1.1187816969973037, -1.1187816970983449, -1.1187816971081344, -1.1187816968022626, -1.1187816968122528, -1.1187816966660886, -1.1187816966732702, -1.1187816969552775, -1.1187816969630215, -1.1187816970026814, -1.118781697010607, -1.1187816969419686, -1.1187816969491229, -1.118781697059347, -1.1187816970687938, -1.1187816968719004, -1.118781696883695, -1.1187816967548667, -1.118781696765416, -1.1187817004452245, -1.1187817004535443, -1.1187817595803975, -1.1187817595875156, -1.1187827304208215, -1.1187827304277835, -1.1187985088048398, -1.11879850881197, -1.119075398459851, -1.1190753984677515, -1.1225526227553808, -1.1225526227596188, -0.805152650545307, -0.805152650545307]
160  0.8  200  -244.4578898687266  [-0.6235432948280065, -0.6235432948280065, -0.7859667448599581, -0.7859667448599534, -0.7802014936201753, -0.7802014936192689, -0.7793906513493877, -0.7793906513478696, -0.7793428947001279, -0.7793428946989853, -0.77933886231614, -0.7793388623150783, -0.7793385643747816, -0.7793385643737326, -0.7793385410915386, -0.7793385410905663, -0.7793385391637461, -0.7793385391629444, -0.7793385389786284, -0.7793385389779895, -0.7793385393538476, -0.7793385393532742, -0.7793385397254831, -0.7793385397249162, -0.7793385398460377, -0.7793385398454532, -0.779338539745591, -0.7793385397448493, -0.7793385396074698, -0.7793385396065192, -0.7793385394431868, -0.7793385394422468, -0.7793385389845362, -0.779338538983767, -0.7793385389587678, -0.7793385389581007, -0.7793385394422365, -0.7793385394415897, -0.7793385394498511, -0.7793385394492487, -0.7793385394407476, -0.779338539440179, -0.7793385395621131, -0.7793385395615041, -0.7793385396601852, -0.7793385396595245, -0.7793385394086922, -0.7793385394080715, -0.7793385394161172, -0.7793385394155461, -0.7793385396167335, -0.77933853961617, -0.7793385396833507, -0.7793385396827885, -0.7793385396357118, -0.7793385396351484, -0.779338539691997, -0.7793385396913864, -0.7793385398865978, -0.779338539885906, -0.7793385396858358, -0.7793385396850225, -0.7793385396884094, -0.7793385396874375, -0.7793385394966402, -0.7793385394955913, -0.7793385392761799, -0.779338539275129, -0.7793385393772961, -0.779338539376403, -0.7793385390465195, -0.7793385390457805, -0.7793385394194093, -0.7793385394185514, -0.7793385398025576, -0.7793385398015461, -0.779338539599667, -0.7793385395986115, -0.7793385394569482, -0.7793385394558882, -0.7793385393078682, -0.7793385393068091, -0.7793385392553585, -0.7793385392543105, -0.7793385391959992, -0.7793385391950312, -0.7793385389338752, -0.7793385389329912, -0.7793385392380675, -0.779338539237267, -0.7793385391282766, -0.7793385391276172, -0.7793385392602485, -0.77933853925959, -0.7793385396754599, -0.7793385396746721, -0.7793385393562001, -0.7793385393553192, -0.7793385393112832, -0.779338539310371, -0.7793385392479535, -0.7793385392471525, -0.7793385390480984, -0.7793385390474562, -0.7793385393248328, -0.7793385393242483, -0.7793385395420569, -0.7793385395414035, -0.7793385397609172, -0.7793385397602068, -0.779338539468422, -0.7793385394677861, -0.7793385395327583, -0.7793385395320278, -0.7793385398235136, -0.7793385398225585, -0.7793385394976539, -0.7793385394966085, -0.779338539243433, -0.7793385392423946, -0.7793385392028985, -0.7793385392020208, -0.7793385388887281, -0.7793385388880686, -0.7793385391551414, -0.7793385391545613, -0.7793385396451964, -0.7793385396445893, -0.7793385398800928, -0.7793385398794439, -0.7793385396370459, -0.7793385396362896, -0.7793385396448343, -0.7793385396438811, -0.7793385396167192, -0.7793385396156751, -0.7793385394593366, -0.7793385394582838, -0.7793385394185427, -0.7793385394174932, -0.7793385394362867, -0.7793385394352333, -0.7793385395873708, -0.7793385395863127, -0.7793385412111246, -0.7793385412100658, -0.7793385643793868, -0.779338564378344, -0.7793388621261211, -0.7793388621252427, -0.7793428938115494, -0.7793428938109016, -0.7793906498211031, -0.7793906498211037, -0.7802014912891767, -0.7802014912893744, -0.7859667427390342, -0.7859667427389444, -0.6235432939304536, -0.6235432939304536]
160  0.9  200  -239.9578627385211  [-0.8051526507938774, -0.8051526507938774, -1.1225526231944418, -1.1225526231946619, -1.1190753987559445, -1.1190753987608006, -1.118798508784197, -1.1187985087935923, -1.1187827302211057, -1.1187827302294417, -1.1187817596709273, -1.1187817596811631, -1.1187817005950935, -1.1187817006053375, -1.1187816969969422, -1.1187816970040108, -1.118781697068498, -1.118781697075466, -1.1187816970974536, -1.118781697104402, -1.118781697050593, -1.1187816970577045, -1.1187816969574573, -1.1187816969646216, -1.1187816969126794, -1.1187816969198427, -1.11878169691574, -1.1187816969228639, -1.11878169695444, -1.1187816969623616, -1.1187816968554867, -1.1187816968635522, -1.118781696777138, -1.1187816967842255, -1.118781696950396, -1.118781696957431, -1.1187816969743327, -1.1187816969814879, -1.118781696917477, -1.118781696924542, -1.1187816970078444, -1.118781697014809, -1.1187816971035538, -1.1187816971105218, -1.118781697108341, -1.1187816971153082, -1.118781697108847, -1.1187816971158127, -1.118781697109089, -1.1187816971160551, -1.1187816971092013, -1.1187816971161668, -1.118781697109395, -1.1187816971163604, -1.1187816971107742, -1.1187816971177398, -1.1187816971340303, -1.1187816971409967, -1.1187816971565063, -1.118781697163472, -1.118781697159267, -1.1187816971665383, -1.1187816970811948, -1.1187816970915814, -1.1187816967413131, -1.1187816967516626, -1.1187816967344975, -1.1187816967432895, -1.1187816968385915, -1.1187816968471405, -1.1187816969723843, -1.1187816969793545, -1.1187816971644655, -1.1187816971739195, -1.1187816968250943, -1.11878169683702, -1.118781696539459, -1.118781696551138, -1.118781696472913, -1.1187816964822832, -1.1187816966511053, -1.1187816966582969, -1.1187816968502846, -1.1187816968574373, -1.1187816968692157, -1.1187816968762645, -1.118781696929655, -1.1187816969366864, -1.1187816969385853, -1.1187816969457192, -1.1187816968905506, -1.1187816968976831, -1.118781696869449, -1.1187816968765985, -1.1187816968709106, -1.118781696877958, -1.1187816969297246, -1.1187816969367568, -1.118781696935691, -1.118781696942826, -1.118781696868151, -1.1187816968752822, -1.1187816968641995, -1.118781696871332, -1.1187816968641282, -1.1187816968712598, -1.1187816968666637, -1.118781696873796, -1.1187816968843014, -1.1187816968914333, -1.1187816969018085, -1.1187816969089577, -1.118781696887459, -1.118781696894504, -1.1187816969716193, -1.1187816969802493, -1.1187816968590003, -1.118781696867842, -1.1187816967530348, -1.1187816967602764, -1.1187816968735425, -1.118781696880675, -1.1187816968949094, -1.1187816969020585, -1.118781696920207, -1.1187816969272704, -1.1187816969903261, -1.1187816969973037, -1.1187816970983449, -1.1187816971081344, -1.1187816968022626, -1.1187816968122528, -1.1187816966660886, -1.1187816966732702, -1.1187816969552775, -1.1187816969630215, -1.1187816970026814, -1.118781697010607, -1.1187816969419686, -1.1187816969491229, -1.118781697059347, -1.1187816970687938, -1.1187816968719004, -1.118781696883695, -1.1187816967548667, -1.118781696765416, -1.1187817004452245, -1.1187817004535443, -1.1187817595803975, -1.1187817595875156, -1.1187827304208215, -1.1187827304277835, -1.1187985088048398, -1.11879850881197, -1.119075398459851, -1.1190753984677515, -1.1225526227553808, -1.1225526227596188, -0.805152650545307, -0.805152650545307]
160  0.7  200  -286.5880872927512  [-0.41453872070224074, -0.41453872070224074, -0.3812018185330791, -0.3812018185330205, -0.3664099690781253, -0.3664099690781404, -0.3647807394759815, -0.3647807394760743, -0.36470005269934885, -0.36470005269944633, -0.36469285257325446, -0.3646928525734159, -0.3646924055801745, -0.36469240558034005, -0.36469237012186495, -0.3646923701220315, -0.3646923677040557, -0.36469236770422186, -0.3646923675218287, -0.364692367521995, -0.3646923675089096, -0.36469236750907597, -0.3646923675079234, -0.3646923675080896, -0.36469236750791906, -0.36469236750808526, -0.36469236750785733, -0.3646923675080239, -0.36469236750778816, -0.36469236750795453, -0.36469236750786904, -0.3646923675080351, -0.3646923675078709, -0.36469236750803735, -0.36469236750783635, -0.3646923675080021, -0.3646923675078816, -0.36469236750804807, -0.3646923675079443, -0.3646923675081108, -0.36469236750786643, -0.3646923675080323, -0.36469236750792866, -0.36469236750809547, -0.3646923675079801, -0.36469236750814643, -0.3646923675079779, -0.3646923675081444, -0.3646923675079377, -0.3646923675081045, -0.364692367507859, -0.36469236750802564, -0.36469236750785305, -0.3646923675080194, -0.36469236750784073, -0.3646923675080071, -0.36469236750782824, -0.3646923675079947, -0.3646923675078729, -0.3646923675080394, -0.3646923675079548, -0.3646923675081214, -0.3646923675079359, -0.3646923675081023, -0.3646923675079245, -0.3646923675080908, -0.3646923675078975, -0.36469236750806366, -0.36469236750784384, -0.36469236750801, -0.36469236750783807, -0.3646923675080047, -0.36469236750785006, -0.36469236750801626, -0.36469236750788314, -0.36469236750804973, -0.36469236750788736, -0.3646923675080536, -0.3646923675078952, -0.36469236750806183, -0.3646923675078975, -0.36469236750806394, -0.3646923675078329, -0.3646923675079992, -0.3646923675078137, -0.3646923675079801, -0.36469236750784606, -0.36469236750801226, -0.36469236750786227, -0.36469236750802864, -0.36469236750788936, -0.36469236750805567, -0.36469236750789, -0.36469236750805617, -0.3646923675078154, -0.36469236750798184, -0.3646923675078274, -0.3646923675079937, -0.3646923675078968, -0.3646923675080631, -0.3646923675078927, -0.3646923675080594, -0.36469236750791906, -0.3646923675080854, -0.3646923675079107, -0.3646923675080773, -0.36469236750785494, -0.3646923675080212, -0.3646923675078539, -0.36469236750802037, -0.36469236750788325, -0.36469236750804934, -0.36469236750789924, -0.3646923675080654, -0.36469236750788303, -0.3646923675080496, -0.36469236750784506, -0.3646923675080115, -0.3646923675078072, -0.3646923675079734, -0.3646923675077712, -0.3646923675079375, -0.36469236750783346, -0.36469236750800005, -0.36469236750790396, -0.3646923675080702, -0.36469236750784156, -0.3646923675080084, -0.3646923675078421, -0.3646923675080086, -0.3646923675078409, -0.36469236750800754, -0.36469236750780354, -0.3646923675079701, -0.3646923675078207, -0.3646923675079873, -0.3646923675079319, -0.36469236750809847, -0.3646923675089155, -0.36469236750908185, -0.3646923675217471, -0.3646923675219134, -0.3646923677039035, -0.3646923677040702, -0.36469237012163774, -0.3646923701218043, -0.3646924055787272, -0.3646924055788942, -0.36469285256014927, -0.3646928525603203, -0.3647000526119369, -0.364700052612167, -0.36478073927080545, -0.36478073927100585, -0.366409968809632, -0.3664099688097009, -0.38120181817938603, -0.38120181817939747, -0.4145387204185853, -0.4145387204185853]
160  0.6  200  -383.5381646204532  [-0.16799540204607152, -0.16799540204607152, 0.12504393652025478, 0.12504393652027082, 0.17749848356486383, 0.17749848356483516, 0.18093623174924492, 0.18093623174923149, 0.1811929942505764, 0.18119299425066665, 0.18121066937759495, 0.18121066937771135, 0.18121196235684953, 0.18121196235696505, 0.18121205312253855, 0.18121205312265293, 0.1812120596839356, 0.1812120596840497, 0.18121206013662836, 0.18121206013673632, 0.18121206017344538, 0.18121206017351485, 0.1812120601776028, 0.18121206017765826, 0.18121206029773185, 0.18121206029778766, 0.18121206041171928, 0.1812120604117811, 0.18121206032044387, 0.18121206032054415, 0.1812120604073134, 0.1812120604074274, 0.18121206019905298, 0.18121206019916788, 0.1812120601856904, 0.18121206018580463, 0.18121206018489341, 0.18121206018500755, 0.18121206018497152, 0.18121206018508573, 0.18121206018496872, 0.18121206018508285, 0.18121206018500827, 0.18121206018512234, 0.1812120601850118, 0.18121206018512595, 0.18121206018502478, 0.18121206018513886, 0.18121206018501537, 0.18121206018512978, 0.18121206018505195, 0.1812120601851659, 0.18121206018502092, 0.18121206018513505, 0.18121206018498612, 0.18121206018510036, 0.18121206018490738, 0.1812120601850216, 0.18121206018498137, 0.18121206018509542, 0.1812120601849263, 0.18121206018504038, 0.18121206018494926, 0.18121206018506344, 0.18121206018502997, 0.18121206018514413, 0.18121206018499034, 0.18121206018510447, 0.1812120601848749, 0.18121206018498923, 0.18121206018487931, 0.18121206018499342, 0.18121206018489638, 0.1812120601850108, 0.18121206018493152, 0.18121206018504565, 0.1812120601849114, 0.1812120601850254, 0.18121206018496372, 0.18121206018507785, 0.18121206018493172, 0.18121206018504604, 0.18121206018494015, 0.18121206018505415, 0.18121206018499278, 0.1812120601851071, 0.18121206018500108, 0.181212060185115, 0.18121206018495878, 0.18121206018507302, 0.18121206018495734, 0.1812120601850717, 0.18121206018496908, 0.18121206018508323, 0.18121206018497435, 0.18121206018508865, 0.1812120601849335, 0.1812120601850477, 0.18121206018492303, 0.1812120601850371, 0.18121206018489389, 0.18121206018500816, 0.18121206018468297, 0.1812120601847971, 0.18121206017271424, 0.18121206017282204, 0.18121206017619648, 0.18121206017626626, 0.18121206019017264, 0.181212060190234, 0.18121206030656387, 0.18121206030666379, 0.18121206040619398, 0.18121206040630794, 0.18121206019897748, 0.18121206019909217, 0.18121206018587024, 0.18121206018598437, 0.18121206018506653, 0.18121206018518068, 0.18121206018506616, 0.18121206018518052, 0.1812120601849784, 0.18121206018509256, 0.18121206018492694, 0.181212060185041, 0.18121206018495084, 0.1812120601850648, 0.18121206018497107, 0.18121206018508515, 0.18121206018492583, 0.18121206018503977, 0.1812120601849722, 0.1812120601850863, 0.1812120601849709, 0.18121206018508496, 0.18121206018480038, 0.18121206018491454, 0.18121206018239516, 0.18121206018250924, 0.18121206014895408, 0.18121206014906804, 0.18121205968413426, 0.1812120596842484, 0.18121205312162636, 0.1812120531217403, 0.18121196233730696, 0.18121196233742085, 0.181210669138735, 0.18121066913884862, 0.1811929939359475, 0.18119299393604424, 0.18093623156086347, 0.18093623156106967, 0.17749848373083632, 0.1774984837309872, 0.1250439368700516, 0.1250439368700369, -0.16799540196792567, -0.16799540196792567]
160  0.5  200  -572.992559972223  [0.2165866924452653, 0.21658669244526535, 0.7895937419310864, 0.7895937419311145, 0.8909722945145582, 0.8909722945142597, 0.8956665659717138, 0.8956665659704472, 0.8960255883940502, 0.8960255883943105, 0.8960455745246602, 0.8960455745247475, 0.8960469266879431, 0.8960469266864266, 0.8960470076602252, 0.8960470076586495, 0.8960470128914962, 0.896047012890651, 0.896047013207154, 0.8960470132070034, 0.8960470132213392, 0.896047013219542, 0.8960470132271662, 0.8960470132270884, 0.8960470132384568, 0.8960470132391734, 0.8960470132091118, 0.8960470132080559, 0.8960470132192578, 0.8960470132184364, 0.8960470132298579, 0.896047013228284, 0.8960470132111662, 0.8960470132116628, 0.8960470132261964, 0.8960470132274634, 0.8960470132125918, 0.8960470132121678, 0.8960470132207445, 0.8960470132204663, 0.8960470132166342, 0.8960470132166527, 0.8960470132204523, 0.896047013220696, 0.8960470132320045, 0.8960470132319192, 0.8960470132195558, 0.8960470132196333, 0.8960470132032792, 0.8960470132032476, 0.8960470132104755, 0.8960470132105168, 0.8960470132331859, 0.8960470132314684, 0.8960470132485182, 0.8960470132464692, 0.8960470132405257, 0.8960470132410343, 0.8960470132279905, 0.8960470132287452, 0.8960470132049153, 0.8960470132046991, 0.8960470132004432, 0.8960470131990989, 0.8960470132240792, 0.8960470132248123, 0.8960470132322707, 0.896047013232256, 0.8960470132063206, 0.8960470132061914, 0.896047013221613, 0.8960470132232246, 0.8960470132190854, 0.8960470132187275, 0.8960470132156322, 0.8960470132151713, 0.8960470132246041, 0.8960470132237439, 0.8960470132248044, 0.8960470132222447, 0.8960470132347378, 0.8960470132315589, 0.8960470132406386, 0.8960470132406676, 0.8960470132384665, 0.8960470132388857, 0.8960470132165168, 0.8960470132154031, 0.8960470132207317, 0.8960470132206253, 0.8960470132277661, 0.8960470132278596, 0.8960470132148842, 0.8960470132146413, 0.8960470132234144, 0.8960470132235447, 0.896047013213796, 0.8960470132120892, 0.896047013214406, 0.8960470132113216, 0.8960470132257066, 0.8960470132247328, 0.8960470132318574, 0.8960470132321762, 0.8960470132110597, 0.8960470132110078, 0.8960470132130526, 0.896047013212165, 0.8960470132243481, 0.8960470132244183, 0.8960470132317858, 0.8960470132325066, 0.8960470132162598, 0.8960470132152549, 0.8960470132195415, 0.8960470132173941, 0.8960470132290402, 0.8960470132277155, 0.8960470132230303, 0.8960470132224115, 0.8960470132175236, 0.8960470132174958, 0.8960470132268519, 0.8960470132267991, 0.8960470132195939, 0.8960470132199533, 0.8960470132237778, 0.8960470132245903, 0.8960470132152772, 0.8960470132149883, 0.8960470132199349, 0.8960470132201699, 0.896047013233467, 0.8960470132338121, 0.8960470132235085, 0.8960470132234463, 0.8960470132179542, 0.8960470132174113, 0.8960470132231612, 0.8960470132227002, 0.8960470132113535, 0.8960470132104723, 0.8960470128837932, 0.8960470128831561, 0.8960470076536824, 0.8960470076537195, 0.896046926703223, 0.8960469267012561, 0.8960455745389194, 0.8960455745386875, 0.8960255883645397, 0.8960255883662875, 0.8956665660242136, 0.8956665660266925, 0.8909722948352009, 0.8909722948380565, 0.7895937423366111, 0.7895937423370712, 0.21658669270113562, 0.21658669270113562]
160  0.4  200  -939.3588355499231  [0.7496353303825417, 0.7496353303825417, 1.4858920280643129, 1.4858920280643226, 1.581019984617344, 1.5810199846173638, 1.5834190251069327, 1.5834190251070803, 1.5835313485442684, 1.5835313485442493, 1.5835349936211132, 1.5835349936208858, 1.5835351391230283, 1.583535139122988, 1.5835351444257493, 1.5835351444257124, 1.5835351443969508, 1.5835351443969146, 1.5835351450240809, 1.5835351450241137, 1.5835351444467913, 1.583535144446818, 1.5835351443653116, 1.5835351443653647, 1.583535143924338, 1.583535143924511, 1.5835351444401833, 1.5835351444401653, 1.583535143293992, 1.583535143293978, 1.5835351435986096, 1.5835351435989198, 1.5835351441804568, 1.5835351441806407, 1.5835351442628434, 1.5835351442627508, 1.583535144508967, 1.5835351445086896, 1.5835351453604005, 1.5835351453602633, 1.583535144869365, 1.5835351448694395, 1.583535144345561, 1.5835351443457597, 1.5835351442844234, 1.5835351442846217, 1.583535144294453, 1.5835351442946155, 1.5835351444276884, 1.583535144427913, 1.5835351441306122, 1.583535144130915, 1.583535144105881, 1.5835351441059922, 1.583535144289034, 1.5835351442888974, 1.583535145121568, 1.5835351451214323, 1.5835351446263215, 1.58353514462617, 1.5835351449703314, 1.5835351449703596, 1.5835351445551593, 1.5835351445554553, 1.583535144251588, 1.5835351442519054, 1.5835351442359533, 1.5835351442362224, 1.5835351443642922, 1.5835351443645649, 1.5835351442429983, 1.5835351442431609, 1.5835351441636831, 1.5835351441638799, 1.5835351444187862, 1.583535144418868, 1.5835351434078735, 1.583535143407852, 1.5835351436285663, 1.583535143628728, 1.5835351444179897, 1.5835351444181753, 1.5835351442591703, 1.5835351442594094, 1.5835351443758894, 1.583535144376202, 1.5835351442216963, 1.583535144221982, 1.5835351442884502, 1.5835351442886432, 1.583535144230093, 1.5835351442300645, 1.5835351445668175, 1.5835351445664827, 1.5835351453130366, 1.583535145312909, 1.5835351449444288, 1.583535144944452, 1.5835351443973558, 1.5835351443972112, 1.5835351449702575, 1.5835351449703448, 1.583535144358067, 1.5835351443584198, 1.5835351440459902, 1.5835351440461334, 1.5835351443307375, 1.583535144330719, 1.5835351449339803, 1.5835351449340576, 1.5835351444761554, 1.5835351444760999, 1.5835351444922576, 1.5835351444921153, 1.5835351452008464, 1.5835351452007453, 1.5835351448456099, 1.583535144845671, 1.5835351446047992, 1.5835351446049604, 1.5835351441499177, 1.583535144150082, 1.5835351443196612, 1.5835351443197287, 1.5835351444451908, 1.5835351444450463, 1.5835351446423993, 1.5835351446421986, 1.5835351449471113, 1.5835351449471022, 1.5835351446191797, 1.5835351446194101, 1.5835351441883903, 1.583535144188732, 1.5835351441306058, 1.5835351441307182, 1.5835351445046952, 1.5835351445045491, 1.5835351451253872, 1.5835351451254287, 1.5835351444061283, 1.5835351444061587, 1.5835351443570445, 1.5835351443570012, 1.5835351447413717, 1.5835351447416106, 1.5835351390559294, 1.5835351390563392, 1.5835349934446894, 1.5835349934450593, 1.5835313477905264, 1.583531347790579, 1.5834190243961395, 1.583419024395871, 1.5810199840328354, 1.5810199840326233, 1.4858920276457623, 1.4858920276457608, 0.7496353301544292, 0.7496353301544292]
160  0.3  200  -1725.1203738907993  [1.2109859300161583, 1.2109859300161583, 1.9754712945621988, 1.9754712945621988, 2.019981783040442, 2.019981783040442, 2.0203860189626095, 2.0203860189626095, 2.020393207312731, 2.0203932073127295, 2.0203932942220217, 2.0203932942220217, 2.020393295515684, 2.020393295515684, 2.020393295533001, 2.020393295533001, 2.0203932955332986, 2.0203932955332986, 2.020393295533289, 2.020393295533289, 2.020393295533196, 2.020393295533196, 2.020393295533196, 2.020393295533196, 2.0203932955332915, 2.0203932955332915, 2.0203932955331076, 2.020393295533105, 2.0203932955331148, 2.0203932955331148, 2.0203932955332515, 2.0203932955332515, 2.0203932955331267, 2.0203932955331267, 2.0203932955330375, 2.0203932955330375, 2.0203932955329584, 2.0203932955329584, 2.020393295533105, 2.0203932955331068, 2.020393295533137, 2.020393295533137, 2.0203932955332378, 2.0203932955332378, 2.020393295533104, 2.020393295533104, 2.0203932955330286, 2.0203932955330286, 2.0203932955331148, 2.0203932955331148, 2.020393295533264, 2.020393295533264, 2.020393295533289, 2.020393295533289, 2.0203932955332053, 2.0203932955332053, 2.020393295533067, 2.0203932955330655, 2.0203932955329416, 2.0203932955329416, 2.0203932955327657, 2.0203932955327657, 2.0203932955329056, 2.0203932955329056, 2.0203932955330632, 2.0203932955330632, 2.0203932955332613, 2.0203932955332613, 2.020393295533359, 2.020393295533359, 2.0203932955332986, 2.0203932955332973, 2.0203932955332204, 2.0203932955332204, 2.0203932955331174, 2.0203932955331174, 2.0203932955330046, 2.0203932955330046, 2.0203932955330286, 2.0203932955330286, 2.020393295533171, 2.020393295533171, 2.0203932955332333, 2.0203932955332355, 2.0203932955330948, 2.0203932955330948, 2.020393295533054, 2.020393295533054, 2.0203932955331356, 2.0203932955331356, 2.0203932955330286, 2.0203932955330264, 2.0203932955331005, 2.0203932955331005, 2.0203932955332573, 2.0203932955332573, 2.020393295533113, 2.0203932955331148, 2.0203932955330264, 2.0203932955330264, 2.0203932955330846, 2.0203932955330846, 2.0203932955331005, 2.0203932955331005, 2.020393295533124, 2.020393295533122, 2.020393295533045, 2.020393295533045, 2.020393295533083, 2.020393295533083, 2.020393295533304, 2.020393295533304, 2.0203932955333928, 2.0203932955333928, 2.0203932955331245, 2.0203932955331245, 2.0203932955329695, 2.0203932955329695, 2.020393295532956, 2.020393295532956, 2.0203932955330606, 2.0203932955330597, 2.020393295533177, 2.020393295533177, 2.0203932955331103, 2.0203932955331103, 2.0203932955330948, 2.0203932955330948, 2.0203932955330655, 2.0203932955330655, 2.020393295533181, 2.020393295533181, 2.0203932955330712, 2.0203932955330712, 2.0203932955332107, 2.0203932955332107, 2.0203932955331716, 2.0203932955331716, 2.020393295533235, 2.020393295533235, 2.0203932955333173, 2.0203932955333173, 2.0203932955330983, 2.0203932955330983, 2.0203932955327577, 2.0203932955327577, 2.0203932955156865, 2.020393295515688, 2.02039329422192, 2.02039329422192, 2.020393207312924, 2.020393207312924, 2.020386018951104, 2.020386018951105, 2.0199817828996793, 2.01998178289968, 1.9754712943507364, 1.9754712943507362, 1.2109859298948886, 1.2109859298948886]
160  0.2  200  -3935.8720165169616  [1.4383796343095594, 1.4383796343095594, 2.193108152178743, 2.193108152178743, 2.2032259703668937, 2.2032259703668906, 2.2032449363936006, 2.2032449363936006, 2.2032450053538013, 2.2032450053538044, 2.203245005111394, 2.203245005111394, 2.203245004944373, 2.203245004944375, 2.203245006226428, 2.203245006226428, 2.203245005296524, 2.20324500529652, 2.2032450066056084, 2.2032450066056084, 2.203245005483416, 2.203245005483416, 2.20324500494577, 2.20324500494577, 2.2032450048407624, 2.2032450048407624, 2.203245004978915, 2.2032450049789114, 2.2032450048369587, 2.2032450048369565, 2.2032450049587626, 2.2032450049587595, 2.203245004939151, 2.203245004939143, 2.2032450048212033, 2.2032450048212033, 2.2032450049330956, 2.2032450049330903, 2.2032450050573114, 2.2032450050573114, 2.2032450062060582, 2.2032450062060582, 2.203245006059778, 2.203245006059777, 2.2032450048405954, 2.2032450048405954, 2.203245004925877, 2.203245004925879, 2.203245004920995, 2.203245004920996, 2.2032450048687773, 2.203245004868777, 2.203245004826851, 2.203245004826851, 2.203245004834604, 2.203245004834604, 2.2032450048358014, 2.2032450048358014, 2.203245004849844, 2.203245004849842, 2.2032450048187466, 2.2032450048187466, 2.2032450048260643, 2.2032450048260652, 2.2032450048094248, 2.2032450048094274, 2.203245005301434, 2.203245005301426, 2.2032450053057175, 2.203245005305717, 2.203245005362994, 2.203245005362974, 2.2032450052509347, 2.203245005250931, 2.203245004885597, 2.203245004885597, 2.2032450066074825, 2.2032450066074825, 2.2032450075076313, 2.2032450075076313, 2.2032450055027493, 2.2032450055027493, 2.203245006425166, 2.203245006425166, 2.203245005506121, 2.2032450055061186, 2.20324500701236, 2.20324500701236, 2.2032450054904267, 2.203245005490425, 2.20324500490769, 2.20324500490769, 2.2032450048663956, 2.203245004866394, 2.2032450062066804, 2.2032450062066817, 2.2032450055520902, 2.203245005552089, 2.2032450066608176, 2.2032450066608167, 2.2032450055703867, 2.2032450055703867, 2.2032450064254516, 2.2032450064254507, 2.203245005422364, 2.2032450054223665, 2.2032450048677354, 2.2032450048677354, 2.203245005207742, 2.203245005207741, 2.203245004993337, 2.203245004993337, 2.203245004911167, 2.203245004911167, 2.203245004880466, 2.203245004880466, 2.2032450062208433, 2.203245006220843, 2.2032450054783945, 2.2032450054783945, 2.2032450050684513, 2.203245005068451, 2.2032450049614436, 2.203245004961446, 2.203245006282078, 2.203245006282078, 2.203245006480416, 2.203245006480416, 2.203245006232218, 2.203245006232218, 2.2032450054185206, 2.2032450054185193, 2.2032450050565684, 2.2032450050565644, 2.203245005091093, 2.203245005091093, 2.2032450048679757, 2.203245004867974, 2.2032450065353646, 2.2032450065353633, 2.2032450054648405, 2.2032450054648405, 2.2032450048547654, 2.2032450048547654, 2.2032450061797353, 2.2032450061797344, 2.2032450055695456, 2.2032450055695456, 2.2032450055846073, 2.2032450055846073, 2.203245004729477, 2.203245004729476, 2.203244933725802, 2.203244933725802, 2.2032259701226513, 2.2032259701226513, 2.193108151670017, 2.193108151670017, 1.438379634310588, 1.438379634310588]
160  0.1  200  -15796.432388720066  [1.4960796539569325, 1.4960796539569328, 2.246404731873289, 2.246404731873289, 2.247057519842051, 2.2470575198420484, 2.247057597060016, 2.247057597060016, 2.2470575970783973, 2.2470575970783973, 2.2470575970784736, 2.2470575970784736, 2.247057597078406, 2.247057597078406, 2.247057597078439, 2.247057597078439, 2.247057597078437, 2.247057597078437, 2.2470575970784266, 2.2470575970784266, 2.247057597078495, 2.247057597078495, 2.2470575970784004, 2.2470575970784004, 2.247057597078206, 2.2470575970782036, 2.247057597078592, 2.247057597078592, 2.2470575970784297, 2.2470575970784297, 2.2470575970783897, 2.2470575970783897, 2.2470575970783373, 2.2470575970783373, 2.2470575970787348, 2.2470575970787348, 2.2470575970784914, 2.2470575970784905, 2.2470575970784994, 2.2470575970784994, 2.2470575970784297, 2.2470575970784297, 2.2470575970783373, 2.2470575970783373, 2.2470575970782036, 2.2470575970782036, 2.247057597078455, 2.247057597078455, 2.2470575970783098, 2.2470575970783098, 2.2470575970782827, 2.2470575970782827, 2.247057597078344, 2.247057597078344, 2.2470575970784434, 2.2470575970784434, 2.2470575970782827, 2.2470575970782827, 2.2470575970780886, 2.2470575970780886, 2.2470575970782134, 2.2470575970782134, 2.247057597078276, 2.247057597078276, 2.2470575970783337, 2.2470575970783337, 2.2470575970784856, 2.2470575970784856, 2.2470575970784434, 2.2470575970784434, 2.2470575970783386, 2.2470575970783386, 2.2470575970784052, 2.2470575970784052, 2.2470575970783884, 2.2470575970783884, 2.2470575970784665, 2.2470575970784665, 2.2470575970782147, 2.2470575970782147, 2.247057597078295, 2.247057597078295, 2.2470575970782827, 2.2470575970782827, 2.2470575970783764, 2.2470575970783764, 2.247057597078294, 2.247057597078294, 2.2470575970784568, 2.2470575970784568, 2.2470575970782414, 2.2470575970782414, 2.247057597078325, 2.247057597078325, 2.2470575970783466, 2.2470575970783466, 2.2470575970784856, 2.2470575970784856, 2.2470575970783266, 2.2470575970783266, 2.2470575970782174, 2.2470575970782174, 2.2470575970783564, 2.2470575970783564, 2.2470575970784457, 2.2470575970784457, 2.24705759707836, 2.24705759707836, 2.247057597078477, 2.2470575970784754, 2.2470575970783493, 2.2470575970783484, 2.2470575970782134, 2.2470575970782134, 2.2470575970781836, 2.2470575970781836, 2.2470575970783973, 2.2470575970783973, 2.2470575970783107, 2.2470575970783107, 2.247057597078219, 2.247057597078219, 2.2470575970783897, 2.2470575970783897, 2.2470575970783764, 2.2470575970783764, 2.2470575970784163, 2.2470575970784163, 2.247057597078543, 2.247057597078543, 2.2470575970783515, 2.2470575970783515, 2.2470575970784195, 2.247057597078419, 2.247057597078335, 2.247057597078335, 2.2470575970783067, 2.2470575970783067, 2.2470575970784425, 2.2470575970784425, 2.247057597078238, 2.247057597078238, 2.2470575970781175, 2.2470575970781175, 2.2470575970781588, 2.2470575970781588, 2.247057597078539, 2.2470575970785394, 2.2470575970783098, 2.2470575970783098, 2.2470575970783915, 2.2470575970783915, 2.2470575970599445, 2.2470575970599445, 2.24705751984183, 2.24705751984183, 2.246404731872423, 2.246404731872423, 1.4960796539566856, 1.4960796539566856]
