132  3.0  200  -1764.0223596162753  [-0.9999904151948111, -0.9999904151948111, -1.4999808304193776, -1.4999808304193776, -1.4999808304012023, -1.4999808304012023, -1.4999808304012026, -1.4999808304012026, -1.4999808304012028, -1.4999808304012028, -1.4999808304012026, -1.4999808304012026, -1.499980830401203, -1.4999808304012028, -1.499980830401203, -1.499980830401203, -1.499980830401203, -1.499980830401203, -1.499980830401203, -1.499980830401203, -1.4999808304012032, -1.499980830401203, -1.4999808304012028, -1.4999808304012028, -1.499980830401203, -1.4999808304012032, -1.4999808304012037, -1.4999808304012037, -1.4999808304012037, -1.4999808304012034, -1.499980830401204, -1.4999808304012041, -1.499980830401204, -1.499980830401204, -1.4999808304012043, -1.4999808304012043, -1.4999808304012046, -1.4999808304012043, -1.4999808304012048, -1.4999808304012046, -1.4999808304012046, -1.4999808304012046, -1.499980830401205, -1.4999808304012048, -1.4999808304012048, -1.4999808304012048, -1.4999808304012052, -1.4999808304012052, -1.4999808304012054, -1.4999808304012052, -1.4999808304012052, -1.4999808304012052, -1.4999808304012054, -1.4999808304012052, -1.4999808304012054, -1.4999808304012052, -1.4999808304012057, -1.4999808304012054, -1.4999808304012057, -1.4999808304012057, -1.4999808304012057, -1.4999808304012057, -1.4999808304012057, -1.4999808304012057, -1.499980830401206, -1.4999808304012057, -1.4999808304012061, -1.499980830401206, -1.499980830401206, -1.4999808304012057, -1.4999808304012061, -1.499980830401206, -1.4999808304012063, -1.4999808304012061, -1.4999808304012061, -1.4999808304012061, -1.4999808304012066, -1.4999808304012063, -1.4999808304012063, -1.4999808304012061, -1.4999808304012063, -1.4999808304012066, -1.4999808304012066, -1.4999808304012063, -1.4999808304012068, -1.4999808304012066, -1.4999808304012066, -1.4999808304012063, -1.499980830401207, -1.4999808304012068, -1.4999808304012066, -1.4999808304012063, -1.4999808304012063, -1.4999808304012061, -1.4999808304012066, -1.4999808304012066, -1.4999808304012063, -1.4999808304012063, -1.4999808304012066, -1.4999808304012063, -1.4999808304012068, -1.4999808304012068, -1.4999808304012068, -1.4999808304012068, -1.499980830401207, -1.4999808304012068, -1.499980830401207, -1.499980830401207, -1.499980830401207, -1.499980830401207, -1.4999808304012072, -1.4999808304012072, -1.4999808304012074, -1.4999808304012074, -1.4999808304012074, -1.4999808304012074, -1.4999808304012077, -1.4999808304012074, -1.4999808304012072, -1.4999808304012074, -1.4999808304012074, -1.4999808304012074, -1.4999808304012074, -1.4999808304012074, -1.4999808304012079, -1.4999808304012077, -1.499980830401208, -1.499980830401208, -1.4999808304193771, -1.4999808304193771, -0.9999904151948047, -0.9999904151948047]
132  2.0  200  -784.2578802390697  [-0.9997482081732644, -0.9997482081732644, -1.4994964368665042, -1.4994964368665045, -1.4994964243241102, -1.4994964243241102, -1.4994964243225044, -1.4994964243225046, -1.4994964243225095, -1.4994964243225095, -1.4994964243224829, -1.499496424322483, -1.499496424322453, -1.4994964243224527, -1.4994964243224305, -1.4994964243224305, -1.4994964243224818, -1.4994964243224818, -1.4994964243225197, -1.49949642432252, -1.4994964243225, -1.4994964243225002, -1.4994964243224984, -1.4994964243224984, -1.4994964243224846, -1.4994964243224846, -1.4994964243224935, -1.499496424322494, -1.499496424322516, -1.4994964243225162, -1.499496424322512, -1.4994964243225117, -1.4994964243225066, -1.4994964243225066, -1.4994964243224917, -1.4994964243224915, -1.4994964243225104, -1.4994964243225106, -1.4994964243225049, -1.4994964243225049, -1.499496424322466, -1.4994964243224658, -1.4994964243224462, -1.4994964243224465, -1.4994964243224078, -1.4994964243224078, -1.4994964243224422, -1.4994964243224425, -1.4994964243224569, -1.4994964243224569, -1.4994964243224367, -1.499496424322437, -1.4994964243224738, -1.4994964243224738, -1.4994964243224838, -1.4994964243224838, -1.4994964243224846, -1.4994964243224849, -1.4994964243224833, -1.4994964243224833, -1.4994964243224957, -1.4994964243224957, -1.4994964243225222, -1.4994964243225222, -1.4994964243224331, -1.499496424322433, -1.4994964243223092, -1.499496424322309, -1.499496424322272, -1.4994964243222721, -1.4994964243224642, -1.4994964243224644, -1.4994964243225064, -1.4994964243225066, -1.499496424322504, -1.499496424322504, -1.4994964243225166, -1.4994964243225166, -1.4994964243224551, -1.499496424322455, -1.499496424322329, -1.4994964243223288, -1.4994964243222526, -1.4994964243222528, -1.4994964243223585, -1.4994964243223585, -1.499496424322474, -1.499496424322474, -1.499496424322521, -1.499496424322521, -1.4994964243225197, -1.4994964243225195, -1.4994964243225133, -1.4994964243225133, -1.4994964243225104, -1.4994964243225102, -1.4994964243224411, -1.4994964243224411, -1.499496424322297, -1.499496424322297, -1.499496424322254, -1.4994964243222542, -1.4994964243224131, -1.4994964243224134, -1.499496424322466, -1.499496424322466, -1.4994964243224935, -1.4994964243224935, -1.4994964243224969, -1.499496424322497, -1.4994964243224531, -1.4994964243224533, -1.4994964243224205, -1.4994964243224205, -1.4994964243224105, -1.4994964243224105, -1.4994964243224675, -1.4994964243224675, -1.4994964243224904, -1.4994964243224904, -1.499496424322462, -1.499496424322462, -1.4994964243224271, -1.4994964243224271, -1.4994964243223656, -1.4994964243223656, -1.499496424323669, -1.4994964243236693, -1.4994964368654315, -1.4994964368654313, -0.999748208172453, -0.999748208172453]
132  1.5  200  -442.4972189244801  [-0.9973198020421076, -0.9973198020421076, -1.4946419207689743, -1.4946419207689743, -1.494640503163773, -1.4946405031637695, -1.4946405013600477, -1.4946405013600477, -1.494640501359258, -1.49464050135926, -1.4946405013579394, -1.4946405013579394, -1.4946405013592652, -1.4946405013592619, -1.4946405013580946, -1.4946405013580946, -1.4946405013582744, -1.4946405013582762, -1.494640501358848, -1.4946405013588502, -1.4946405013584252, -1.4946405013584254, -1.4946405013584452, -1.4946405013584454, -1.49464050135811, -1.4946405013581103, -1.494640501359191, -1.4946405013591866, -1.4946405013580366, -1.4946405013580364, -1.4946405013588178, -1.4946405013588182, -1.4946405013580943, -1.4946405013580943, -1.4946405013589883, -1.4946405013589916, -1.4946405013583837, -1.4946405013583834, -1.4946405013580748, -1.4946405013580746, -1.4946405013592663, -1.4946405013592632, -1.4946405013583284, -1.4946405013583282, -1.4946405013580208, -1.4946405013580208, -1.4946405013583468, -1.4946405013583506, -1.494640501358406, -1.4946405013584085, -1.4946405013580037, -1.4946405013580033, -1.494640501358931, -1.4946405013589321, -1.4946405013581052, -1.4946405013581052, -1.4946405013583632, -1.4946405013583584, -1.4946405013578887, -1.49464050135789, -1.4946405013587942, -1.4946405013587905, -1.4946405013579052, -1.4946405013579056, -1.4946405013582453, -1.4946405013582469, -1.4946405013577346, -1.4946405013577324, -1.4946405013586868, -1.4946405013586832, -1.4946405013579567, -1.494640501357957, -1.4946405013592345, -1.4946405013592305, -1.494640501357934, -1.4946405013579342, -1.4946405013593214, -1.494640501359319, -1.4946405013579442, -1.494640501357944, -1.4946405013582067, -1.4946405013582051, -1.4946405013588238, -1.4946405013588215, -1.4946405013578363, -1.4946405013578363, -1.4946405013581794, -1.4946405013581785, -1.494640501357365, -1.4946405013573618, -1.4946405013575579, -1.494640501357555, -1.49464050135859, -1.494640501358586, -1.4946405013583064, -1.4946405013583062, -1.4946405013582265, -1.494640501358226, -1.4946405013588109, -1.4946405013588118, -1.4946405013584725, -1.4946405013584725, -1.4946405013580633, -1.4946405013580633, -1.4946405013592519, -1.4946405013592485, -1.494640501358383, -1.494640501358383, -1.4946405013585315, -1.494640501358531, -1.494640501358215, -1.494640501358215, -1.494640501358213, -1.494640501358212, -1.494640501358983, -1.4946405013589803, -1.4946405013583892, -1.4946405013583892, -1.494640501358471, -1.4946405013584712, -1.494640501358045, -1.494640501358045, -1.4946405013584367, -1.4946405013584327, -1.49464050136071, -1.4946405013607071, -1.4946405031631398, -1.4946405031631398, -1.4946419207709354, -1.4946419207709354, -0.9973198020420904, -0.9973198020420904]
132  1.0  200  -215.85842417834718  [-0.9134611127862505, -0.9134611127862505, -1.3293598502998754, -1.3293598503043065, -1.3282630146740926, -1.328263014679394, -1.3282203201967515, -1.3282203201980776, -1.3282189003065779, -1.3282189003058338, -1.3282188519749187, -1.328218851967679, -1.3282188503398697, -1.328218850325988, -1.3282188502796106, -1.3282188502689651, -1.328218850275942, -1.3282188502709111, -1.3282188502777394, -1.3282188502747412, -1.3282188502752987, -1.3282188502759786, -1.328218850272519, -1.32821885027603, -1.3282188502743235, -1.3282188502788836, -1.328218850275606, -1.3282188502765047, -1.3282188502740429, -1.3282188502725982, -1.3282188502754413, -1.3282188502738237, -1.3282188502775505, -1.328218850268902, -1.3282188502797483, -1.328218850271218, -1.3282188502755556, -1.3282188502705035, -1.32821885027615, -1.328218850271455, -1.328218850276431, -1.3282188502754977, -1.328218850278138, -1.328218850271924, -1.3282188502796854, -1.3282188502655423, -1.3282188502781795, -1.3282188502681498, -1.3282188502766044, -1.3282188502717256, -1.3282188502776622, -1.3282188502749084, -1.328218850276287, -1.3282188502755945, -1.32821885027631, -1.3282188502776024, -1.3282188502741925, -1.3282188502777972, -1.3282188502730539, -1.3282188502784575, -1.3282188502731849, -1.3282188502792076, -1.3282188502738967, -1.3282188502789853, -1.3282188502745085, -1.3282188502763859, -1.3282188502763104, -1.3282188502763725, -1.3282188502789398, -1.3282188502717256, -1.3282188502757801, -1.3282188502680505, -1.3282188502716181, -1.3282188502745604, -1.32821885027307, -1.3282188502775727, -1.3282188502762535, -1.328218850275554, -1.3282188502766794, -1.3282188502765093, -1.3282188502735726, -1.3282188502772272, -1.3282188502753656, -1.328218850276193, -1.3282188502770305, -1.3282188502754646, -1.3282188502764707, -1.3282188502764014, -1.3282188502776764, -1.328218850273641, -1.3282188502791288, -1.3282188502713055, -1.3282188502767955, -1.3282188502724217, -1.3282188502764052, -1.3282188502758177, -1.3282188502759862, -1.3282188502768308, -1.328218850275793, -1.3282188502758991, -1.3282188502761951, -1.3282188502755574, -1.3282188502763221, -1.328218850275292, -1.3282188502741576, -1.3282188502729249, -1.3282188502773429, -1.3282188502761076, -1.3282188502743972, -1.3282188502745673, -1.3282188502750445, -1.3282188502777639, -1.3282188502779417, -1.328218850274447, -1.328218850278595, -1.3282188502727281, -1.3282188502751846, -1.3282188502778167, -1.328218850330673, -1.328218850336394, -1.3282188519734637, -1.3282188519748166, -1.3282189003071372, -1.328218900305682, -1.3282203201968255, -1.3282203201958918, -1.3282630146831367, -1.3282630146796788, -1.3293598503049648, -1.3293598503018167, -0.9134611127824491, -0.9134611127824491]
132  0.9  200  -197.57687582111828  [-0.8051526507933364, -0.8051526507933364, -1.1225526231764973, -1.1225526231767153, -1.1190753987012079, -1.1190753987061621, -1.1187985087085788, -1.1187985087168444, -1.1187827302571052, -1.1187827302642066, -1.1187817596399454, -1.1187817596470924, -1.1187817007314744, -1.118781700738538, -1.11878169723989, -1.1187816972468532, -1.118781697117902, -1.118781697124868, -1.1187816971095632, -1.1187816971165303, -1.118781697109081, -1.1187816971160462, -1.1187816971051532, -1.118781697112119, -1.1187816971143068, -1.1187816971212716, -1.1187816971424531, -1.1187816971494378, -1.1187816971522646, -1.1187816971624351, -1.1187816967920563, -1.1187816968023172, -1.1187816967332682, -1.1187816967403554, -1.1187816970559181, -1.1187816970628746, -1.1187816970575384, -1.1187816970645936, -1.118781697009036, -1.1187816970161044, -1.1187816970237165, -1.1187816970306486, -1.1187816971146778, -1.118781697124512, -1.1187816967899968, -1.1187816968002875, -1.1187816966523554, -1.1187816966597655, -1.1187816969915219, -1.1187816969985274, -1.1187816971943876, -1.118781697201405, -1.1187816971476905, -1.1187816971555462, -1.1187816969876174, -1.1187816969976523, -1.1187816967263389, -1.1187816967379065, -1.118781696498936, -1.118781696508534, -1.118781696598305, -1.1187816966056097, -1.1187816968366058, -1.1187816968437208, -1.11878169694755, -1.1187816969569544, -1.118781696713928, -1.1187816967234319, -1.1187816966284807, -1.118781696635669, -1.1187816968459847, -1.1187816968531181, -1.1187816968627884, -1.1187816968699222, -1.1187816968637285, -1.1187816968708615, -1.1187816968637867, -1.118781696870921, -1.11878169686373, -1.1187816968708633, -1.1187816968637239, -1.1187816968708575, -1.1187816968639195, -1.118781696871052, -1.1187816968639646, -1.1187816968710966, -1.1187816968639466, -1.1187816968710793, -1.1187816968639566, -1.1187816968710886, -1.1187816968641096, -1.118781696871242, -1.1187816968668982, -1.11878169687403, -1.118781696888906, -1.118781696896037, -1.1187816968967716, -1.1187816969039206, -1.1187816968829334, -1.118781696889998, -1.1187816969617945, -1.1187816969687423, -1.1187816970483644, -1.1187816970553983, -1.1187816969678266, -1.1187816969749778, -1.1187816969319715, -1.1187816969390205, -1.1187816969464022, -1.1187816969537168, -1.1187816969324993, -1.1187816969411664, -1.1187816967977573, -1.1187816968062525, -1.1187816968380369, -1.118781696845197, -1.11878169719332, -1.1187816972002844, -1.1187817008938368, -1.1187817009007865, -1.1187817597771754, -1.1187817597842233, -1.1187827304395521, -1.1187827304464992, -1.118798508811933, -1.118798508817544, -1.119075398625, -1.1190753986303852, -1.1225526227540557, -1.1225526227571945, -0.8051526504117115, -0.8051526504117115]
132  0.8  200  -201.25015543270442  [-0.6235432948275117, -0.6235432948275117, -0.7859667448545183, -0.7859667448545123, -0.7802014934649897, -0.7802014934640837, -0.7793906510318837, -0.7793906510303785, -0.7793428944380411, -0.7793428944370089, -0.7793388619731252, -0.7793388619723599, -0.7793385641825988, -0.7793385641819814, -0.7793385413372039, -0.7793385413366376, -0.7793385397786664, -0.7793385397781049, -0.7793385396576846, -0.7793385396571224, -0.7793385397174708, -0.7793385397169087, -0.7793385398163833, -0.7793385398158187, -0.7793385398565129, -0.7793385398558339, -0.7793385399183561, -0.7793385399174544, -0.7793385396224383, -0.7793385396214051, -0.779338539344337, -0.7793385393432869, -0.7793385392513134, -0.7793385392503894, -0.7793385388472662, -0.779338538846486, -0.7793385392925235, -0.7793385392917949, -0.7793385394206939, -0.7793385394200579, -0.7793385394299942, -0.779338539429266, -0.7793385395919572, -0.7793385395910071, -0.7793385395239587, -0.779338539522966, -0.7793385393471434, -0.7793385393463076, -0.7793385391361808, -0.7793385391353839, -0.7793385395276706, -0.7793385395267093, -0.7793385396765912, -0.7793385396755435, -0.7793385395039029, -0.7793385395028426, -0.7793385394590694, -0.7793385394580071, -0.7793385394559804, -0.779338539454919, -0.7793385394550006, -0.7793385394539389, -0.7793385394481257, -0.7793385394470642, -0.7793385393831649, -0.7793385393821044, -0.7793385393647217, -0.7793385393636639, -0.7793385394130092, -0.7793385394119622, -0.779338539234391, -0.7793385392333488, -0.7793385392922731, -0.7793385392912332, -0.7793385394669757, -0.779338539466072, -0.7793385389340618, -0.7793385389332292, -0.7793385391415458, -0.7793385391405855, -0.7793385394631389, -0.77933853946226, -0.7793385388988046, -0.7793385388981459, -0.7793385391379233, -0.7793385391373451, -0.7793385396131665, -0.7793385396125984, -0.7793385396340716, -0.7793385396335071, -0.7793385396362658, -0.7793385396357038, -0.779338539646564, -0.7793385396460016, -0.7793385396457515, -0.7793385396451895, -0.779338539666829, -0.779338539666266, -0.7793385397225651, -0.7793385397220007, -0.7793385397022632, -0.7793385397016587, -0.7793385397520466, -0.7793385397512951, -0.7793385398293983, -0.7793385398284794, -0.7793385395964185, -0.779338539595419, -0.7793385393550537, -0.7793385393540172, -0.7793385392754884, -0.7793385392744453, -0.7793385392636999, -0.779338539262814, -0.7793385390080566, -0.7793385390073988, -0.7793385410741025, -0.7793385410735282, -0.7793385647785038, -0.7793385647779357, -0.7793388625704863, -0.7793388625699172, -0.7793428946133636, -0.7793428946128141, -0.7793906502971771, -0.779390650297201, -0.7802014913561623, -0.7802014913563663, -0.7859667427694048, -0.7859667427693162, -0.623543293932976, -0.623543293932976]
132  0.9  200  -197.57687582111828  [-0.8051526507933364, -0.8051526507933364, -1.1225526231764973, -1.1225526231767153, -1.1190753987012079, -1.1190753987061621, -1.1187985087085788, -1.1187985087168444, -1.1187827302571052, -1.1187827302642066, -1.1187817596399454, -1.1187817596470924, -1.1187817007314744, -1.118781700738538, -1.11878169723989, -1.1187816972468532, -1.118781697117902, -1.118781697124868, -1.1187816971095632, -1.1187816971165303, -1.118781697109081, -1.1187816971160462, -1.1187816971051532, -1.118781697112119, -1.1187816971143068, -1.1187816971212716, -1.1187816971424531, -1.1187816971494378, -1.1187816971522646, -1.1187816971624351, -1.1187816967920563, -1.1187816968023172, -1.1187816967332682, -1.1187816967403554, -1.1187816970559181, -1.1187816970628746, -1.1187816970575384, -1.1187816970645936, -1.118781697009036, -1.1187816970161044, -1.1187816970237165, -1.1187816970306486, -1.1187816971146778, -1.118781697124512, -1.1187816967899968, -1.1187816968002875, -1.1187816966523554, -1.1187816966597655, -1.1187816969915219, -1.1187816969985274, -1.1187816971943876, -1.118781697201405, -1.1187816971476905, -1.1187816971555462, -1.1187816969876174, -1.1187816969976523, -1.1187816967263389, -1.1187816967379065, -1.118781696498936, -1.118781696508534, -1.118781696598305, -1.1187816966056097, -1.1187816968366058, -1.1187816968437208, -1.11878169694755, -1.1187816969569544, -1.118781696713928, -1.1187816967234319, -1.1187816966284807, -1.118781696635669, -1.1187816968459847, -1.1187816968531181, -1.1187816968627884, -1.1187816968699222, -1.1187816968637285, -1.1187816968708615, -1.1187816968637867, -1.118781696870921, -1.11878169686373, -1.1187816968708633, -1.1187816968637239, -1.1187816968708575, -1.1187816968639195, -1.118781696871052, -1.1187816968639646, -1.1187816968710966, -1.1187816968639466, -1.1187816968710793, -1.1187816968639566, -1.1187816968710886, -1.1187816968641096, -1.118781696871242, -1.1187816968668982, -1.11878169687403, -1.118781696888906, -1.118781696896037, -1.1187816968967716, -1.1187816969039206, -1.1187816968829334, -1.118781696889998, -1.1187816969617945, -1.1187816969687423, -1.1187816970483644, -1.1187816970553983, -1.1187816969678266, -1.1187816969749778, -1.1187816969319715, -1.1187816969390205, -1.1187816969464022, -1.1187816969537168, -1.1187816969324993, -1.1187816969411664, -1.1187816967977573, -1.1187816968062525, -1.1187816968380369, -1.118781696845197, -1.11878169719332, -1.1187816972002844, -1.1187817008938368, -1.1187817009007865, -1.1187817597771754, -1.1187817597842233, -1.1187827304395521, -1.1187827304464992, -1.118798508811933, -1.118798508817544, -1.119075398625, -1.1190753986303852, -1.1225526227540557, -1.1225526227571945, -0.8051526504117115, -0.8051526504117115]
132  0.7  200  -235.88987027890914  [-0.4145387207022263, -0.4145387207022263, -0.3812018185330874, -0.38120181853302865, -0.3664099690781846, -0.3664099690782002, -0.3647807394760485, -0.3647807394761414, -0.3647000526993278, -0.3647000526994257, -0.3646928525731858, -0.36469285257334744, -0.36469240558026755, -0.364692405580434, -0.3646923701218351, -0.36469237012200106, -0.3646923677039183, -0.3646923677040852, -0.36469236752181916, -0.3646923675219857, -0.36469236750891854, -0.3646923675090849, -0.3646923675079373, -0.3646923675081039, -0.36469236750791667, -0.364692367508083, -0.3646923675078564, -0.3646923675080229, -0.36469236750779405, -0.3646923675079608, -0.3646923675078313, -0.36469236750799744, -0.36469236750783135, -0.36469236750799766, -0.36469236750787115, -0.36469236750803735, -0.36469236750788486, -0.36469236750805145, -0.36469236750783324, -0.36469236750799977, -0.36469236750781725, -0.36469236750798384, -0.36469236750787937, -0.3646923675080459, -0.364692367507963, -0.3646923675081294, -0.36469236750795875, -0.36469236750812534, -0.36469236750792183, -0.3646923675080884, -0.36469236750786954, -0.3646923675080361, -0.3646923675078898, -0.36469236750805617, -0.36469236750792344, -0.36469236750808975, -0.36469236750788697, -0.36469236750805334, -0.3646923675078103, -0.36469236750797723, -0.3646923675078557, -0.3646923675080226, -0.3646923675079074, -0.3646923675080742, -0.3646923675078444, -0.3646923675080112, -0.36469236750780865, -0.36469236750797546, -0.3646923675078346, -0.36469236750800105, -0.3646923675078216, -0.36469236750798806, -0.3646923675077818, -0.36469236750794815, -0.3646923675078, -0.3646923675079666, -0.364692367507841, -0.3646923675080075, -0.36469236750782147, -0.36469236750798795, -0.36469236750783335, -0.364692367508, -0.3646923675078514, -0.36469236750801765, -0.3646923675078267, -0.36469236750799316, -0.3646923675077974, -0.36469236750796363, -0.36469236750785594, -0.3646923675080227, -0.3646923675079015, -0.3646923675080679, -0.3646923675079169, -0.36469236750808315, -0.36469236750786505, -0.36469236750803147, -0.36469236750783934, -0.36469236750800593, -0.36469236750789336, -0.3646923675080598, -0.36469236750789646, -0.36469236750806316, -0.36469236750786144, -0.36469236750802814, -0.3646923675078245, -0.36469236750799106, -0.3646923675078876, -0.3646923675080543, -0.36469236750794126, -0.3646923675081077, -0.3646923675088663, -0.36469236750903267, -0.3646923675218089, -0.3646923675219753, -0.36469236770393315, -0.3646923677040996, -0.3646923701216598, -0.3646923701218264, -0.36469240557877314, -0.36469240557894, -0.3646928525601916, -0.36469285256036227, -0.36470005261193184, -0.36470005261216193, -0.3647807392707325, -0.3647807392709329, -0.3664099688095517, -0.3664099688096206, -0.3812018181793722, -0.38120181817938376, -0.4145387204185882, -0.4145387204185882]
132  0.6  200  -315.63075747341696  [-0.16799540204454608, -0.16799540204454608, 0.1250439365064292, 0.12504393650644602, 0.17749848354969286, 0.17749848354967138, 0.18093623168402, 0.1809362316840093, 0.18119299420858562, 0.18119299420867238, 0.18121066937411662, 0.18121066937423352, 0.1812119623582895, 0.18121196235840487, 0.18121205312247615, 0.1812120531225902, 0.18121205968409343, 0.18121205968420773, 0.1812120601490365, 0.18121206014915067, 0.1812120601824085, 0.1812120601825229, 0.18121206018472358, 0.1812120601848375, 0.18121206018498845, 0.18121206018510233, 0.1812120601850661, 0.18121206018518013, 0.1812120601849771, 0.1812120601850911, 0.18121206018502495, 0.18121206018513905, 0.18121206018495897, 0.18121206018507338, 0.18121206018491318, 0.1812120601850274, 0.18121206018504848, 0.18121206018516248, 0.1812120601850464, 0.18121206018516048, 0.1812120601849735, 0.18121206018508784, 0.18121206018495875, 0.1812120601850731, 0.18121206018492836, 0.1812120601850426, 0.18121206018499075, 0.18121206018510497, 0.18121206018504496, 0.1812120601851592, 0.18121206018500594, 0.18121206018512007, 0.18121206018493016, 0.18121206018504407, 0.18121206018495545, 0.1812120601850698, 0.18121206018503164, 0.18121206018514582, 0.18121206018498592, 0.1812120601851, 0.18121206018500724, 0.18121206018512126, 0.1812120601847397, 0.18121206018485403, 0.18121206017261865, 0.18121206017272679, 0.1812120601762155, 0.18121206017628513, 0.1812120601902321, 0.18121206019029354, 0.18121206030657944, 0.18121206030667938, 0.18121206040625173, 0.1812120604063658, 0.1812120601990368, 0.1812120601991513, 0.18121206018587277, 0.18121206018598685, 0.18121206018504254, 0.1812120601851569, 0.1812120601849778, 0.1812120601850918, 0.1812120601849479, 0.1812120601850622, 0.1812120601849869, 0.18121206018510114, 0.1812120601849654, 0.1812120601850795, 0.18121206018494085, 0.18121206018505495, 0.18121206018496724, 0.18121206018508157, 0.18121206018497135, 0.18121206018508537, 0.18121206018496056, 0.18121206018507444, 0.18121206018498665, 0.18121206018510055, 0.18121206018499883, 0.181212060185113, 0.18121206018501565, 0.18121206018512978, 0.18121206018488134, 0.18121206018499544, 0.18121206018487515, 0.18121206018498945, 0.18121206018495042, 0.18121206018506447, 0.18121206018482267, 0.18121206018493669, 0.1812120601824079, 0.18121206018252195, 0.18121206014901142, 0.18121206014912558, 0.18121205968409987, 0.18121205968421394, 0.18121205312151772, 0.18121205312163202, 0.18121196233728637, 0.18121196233740064, 0.1812106691384367, 0.18121066913855013, 0.18119299393374869, 0.1811929939338458, 0.18093623155912514, 0.1809362315593302, 0.17749848373108415, 0.17749848373122823, 0.12504393686882964, 0.12504393686881457, -0.16799540196708487, -0.16799540196708485]
132  0.5  200  -471.4727329158677  [0.21658669244523865, 0.21658669244523837, 0.7895937419294354, 0.7895937419293959, 0.8909722945131276, 0.8909722945126237, 0.8956665659834627, 0.8956665659824409, 0.8960255884272496, 0.8960255884268733, 0.8960455745098374, 0.8960455745097916, 0.8960469266929881, 0.8960469266920315, 0.8960470076418484, 0.8960470076414795, 0.8960470128831594, 0.8960470128825297, 0.8960470131991006, 0.8960470131983271, 0.8960470132335174, 0.8960470132330753, 0.8960470132239873, 0.8960470132242581, 0.8960470132296886, 0.8960470132304204, 0.8960470132226438, 0.8960470132217003, 0.896047013227261, 0.8960470132267695, 0.8960470132300423, 0.8960470132284106, 0.8960470132084765, 0.8960470132080449, 0.8960470132239259, 0.8960470132256092, 0.8960470132165813, 0.8960470132169654, 0.89604701320347, 0.8960470132032828, 0.8960470132193962, 0.896047013218258, 0.8960470132211402, 0.8960470132183578, 0.8960470132325332, 0.8960470132306994, 0.8960470132380012, 0.8960470132375873, 0.8960470132190766, 0.8960470132192545, 0.8960470132150078, 0.896047013215204, 0.8960470132104547, 0.896047013210142, 0.8960470132170284, 0.8960470132154019, 0.8960470132162359, 0.8960470132155887, 0.8960470132375067, 0.8960470132381774, 0.896047013213772, 0.8960470132136957, 0.8960470132129988, 0.8960470132135279, 0.8960470132214354, 0.8960470132203395, 0.8960470132212061, 0.8960470132216642, 0.896047013223255, 0.896047013225137, 0.8960470132102136, 0.8960470132092647, 0.8960470132093015, 0.8960470132076133, 0.8960470132182802, 0.8960470132176099, 0.8960470132132576, 0.896047013210464, 0.8960470132099438, 0.8960470132073357, 0.8960470132358499, 0.8960470132359336, 0.8960470132245578, 0.8960470132237985, 0.8960470132200767, 0.8960470132201168, 0.8960470132306398, 0.8960470132311534, 0.896047013219529, 0.896047013219135, 0.8960470132188517, 0.896047013218058, 0.8960470132192977, 0.8960470132188344, 0.8960470132083557, 0.896047013208147, 0.8960470132157498, 0.8960470132151419, 0.8960470132244954, 0.8960470132236723, 0.8960470132292169, 0.8960470132289394, 0.8960470132202892, 0.8960470132200654, 0.8960470132182907, 0.8960470132171174, 0.8960470132278461, 0.8960470132273303, 0.8960470132359161, 0.8960470132343783, 0.8960470132264491, 0.8960470132258216, 0.8960470132053383, 0.8960470132064695, 0.8960470128722535, 0.8960470128720762, 0.896047007643256, 0.8960470076428636, 0.8960469266941683, 0.8960469266937077, 0.896045574533737, 0.8960455745335842, 0.896025588353088, 0.896025588352839, 0.8956665660477059, 0.8956665660500047, 0.8909722948614345, 0.8909722948644738, 0.7895937423570667, 0.7895937423577124, 0.21658669271562764, 0.21658669271562764]
132  0.4  200  -772.8816635248094  [0.7496353303944084, 0.7496353303944084, 1.4858920279272079, 1.4858920279272108, 1.5810199844668138, 1.5810199844670012, 1.5834190250526436, 1.5834190250525526, 1.5835313482371243, 1.583531348237081, 1.5835349935422556, 1.583534993542579, 1.583535138745622, 1.5835351387457768, 1.583535144115501, 1.5835351441155234, 1.5835351448827129, 1.5835351448828905, 1.583535144378888, 1.5835351443791739, 1.5835351443328847, 1.5835351443331307, 1.5835351442849162, 1.5835351442851153, 1.5835351444107413, 1.583535144410973, 1.5835351442154086, 1.5835351442156567, 1.5835351440790177, 1.5835351440793386, 1.5835351441144072, 1.5835351441145544, 1.5835351441733505, 1.583535144173408, 1.5835351447080148, 1.5835351447080863, 1.5835351441644234, 1.5835351441644927, 1.5835351446104597, 1.5835351446104893, 1.5835351443095695, 1.5835351443093844, 1.583535144811958, 1.5835351448119976, 1.583535144500818, 1.5835351445008834, 1.5835351431164846, 1.583535143116304, 1.583535143663805, 1.5835351436635836, 1.583535145236945, 1.5835351452369582, 1.5835351447161625, 1.5835351447164592, 1.5835351442265309, 1.583535144226867, 1.5835351441757173, 1.5835351441760719, 1.583535144170055, 1.5835351441701486, 1.5835351442985295, 1.5835351442983885, 1.583535145092242, 1.5835351450921196, 1.5835351446170487, 1.5835351446170502, 1.5835351448681616, 1.5835351448684203, 1.5835351444106103, 1.5835351444109123, 1.5835351442365524, 1.583535144236807, 1.583535144334584, 1.5835351443349344, 1.5835351440846241, 1.583535144084967, 1.58353514410407, 1.5835351441041388, 1.5835351442055188, 1.5835351442054562, 1.5835351447147785, 1.5835351447146855, 1.5835351445240318, 1.5835351445239119, 1.5835351452010398, 1.583535145200921, 1.5835351447412827, 1.5835351447411912, 1.5835351452306012, 1.5835351452306727, 1.5835351445650725, 1.5835351445653527, 1.5835351444248773, 1.5835351444253072, 1.5835351444884123, 1.5835351444887436, 1.5835351442661445, 1.5835351442664485, 1.5835351442878733, 1.5835351442881196, 1.5835351444281083, 1.5835351444282684, 1.5835351444689636, 1.583535144469158, 1.5835351444011998, 1.5835351444015544, 1.58353514423606, 1.5835351442364178, 1.583535144202794, 1.583535144203106, 1.5835351442947678, 1.58353514429492, 1.583535144374305, 1.5835351443743857, 1.5835351445979768, 1.5835351445981798, 1.5835351439680316, 1.583535143968312, 1.5835351387971568, 1.5835351387972576, 1.583534993266598, 1.583534993266448, 1.583531348268266, 1.583531348268133, 1.5834190244651494, 1.5834190244650803, 1.5810199839930892, 1.581019983993015, 1.4858920282379735, 1.4858920282379646, 0.7496353302078156, 0.7496353302078158]
132  0.3  200  -1419.3862495039962  [1.2109859300183232, 1.2109859300183232, 1.9754712945709243, 1.9754712945709243, 2.019981783034738, 2.019981783034738, 2.020386018950506, 2.020386018950506, 2.020393207312947, 2.020393207312947, 2.0203932942220226, 2.0203932942220226, 2.020393295515823, 2.020393295515823, 2.0203932955329167, 2.0203932955329167, 2.0203932955331103, 2.0203932955331103, 2.020393295533118, 2.020393295533118, 2.0203932955332196, 2.0203932955332196, 2.0203932955332315, 2.0203932955332315, 2.0203932955331476, 2.0203932955331476, 2.0203932955330455, 2.0203932955330455, 2.020393295533104, 2.020393295533104, 2.0203932955331863, 2.0203932955331863, 2.0203932955331814, 2.0203932955331814, 2.0203932955332373, 2.0203932955332373, 2.0203932955331023, 2.0203932955331023, 2.0203932955331863, 2.0203932955331863, 2.0203932955331885, 2.0203932955331885, 2.020393295533116, 2.020393295533116, 2.0203932955331383, 2.0203932955331383, 2.0203932955330988, 2.0203932955330988, 2.0203932955330712, 2.0203932955330712, 2.0203932955331236, 2.0203932955331236, 2.0203932955331725, 2.0203932955331725, 2.020393295533052, 2.020393295533052, 2.020393295533066, 2.020393295533066, 2.02039329553318, 2.0203932955331796, 2.020393295533287, 2.0203932955332857, 2.020393295533218, 2.020393295533218, 2.0203932955331276, 2.0203932955331276, 2.020393295533202, 2.020393295533201, 2.020393295533096, 2.020393295533096, 2.0203932955331103, 2.0203932955331103, 2.020393295533049, 2.0203932955330477, 2.0203932955330246, 2.0203932955330246, 2.020393295533251, 2.020393295533251, 2.0203932955331965, 2.0203932955331965, 2.020393295533085, 2.0203932955330846, 2.0203932955330584, 2.02039329553306, 2.02039329553307, 2.02039329553307, 2.0203932955329997, 2.0203932955329997, 2.0203932955332373, 2.0203932955332364, 2.0203932955332338, 2.0203932955332338, 2.02039329553308, 2.02039329553308, 2.020393295533096, 2.020393295533096, 2.020393295533198, 2.020393295533197, 2.0203932955331445, 2.020393295533146, 2.0203932955330726, 2.020393295533074, 2.020393295533105, 2.0203932955331063, 2.0203932955330215, 2.0203932955330215, 2.0203932955329824, 2.0203932955329824, 2.0203932955331543, 2.020393295533155, 2.020393295533199, 2.020393295533199, 2.0203932955330877, 2.0203932955330877, 2.020393295533066, 2.020393295533065, 2.0203932955328137, 2.0203932955328137, 2.020393295515748, 2.0203932955157486, 2.0203932942219383, 2.020393294221938, 2.0203932073140405, 2.020393207314041, 2.0203860189352874, 2.020386018935287, 2.0199817828046465, 2.019981782804646, 1.9754712942802308, 1.9754712942802308, 1.210985929884857, 1.210985929884857]
132  0.2  200  -3238.3657692315564  [1.438379634309791, 1.438379634309791, 2.1931081521828935, 2.1931081521828935, 2.203225968749627, 2.203225968749627, 2.203244933492133, 2.203244933492133, 2.2032450046845313, 2.2032450046845313, 2.203245006210304, 2.203245006210304, 2.203245005528466, 2.203245005528466, 2.2032450063455573, 2.2032450063455573, 2.203245005559147, 2.203245005559147, 2.2032450055511297, 2.2032450055511297, 2.2032450049015093, 2.2032450049015093, 2.2032450048126697, 2.20324500481267, 2.203245004828559, 2.2032450048285566, 2.203245004832253, 2.203245004832253, 2.2032450061922915, 2.2032450061922915, 2.2032450051838692, 2.203245005183864, 2.2032450048442507, 2.2032450048442507, 2.203245006195587, 2.2032450061955857, 2.2032450054198236, 2.2032450054198236, 2.203245004870375, 2.2032450048703733, 2.2032450061992463, 2.2032450061992463, 2.2032450065973723, 2.2032450065973705, 2.203245006506135, 2.203245006506135, 2.2032450062092646, 2.2032450062092646, 2.203245005514954, 2.2032450055149537, 2.2032450050174286, 2.2032450050174286, 2.203245006207026, 2.203245006207027, 2.2032450065302136, 2.2032450065302136, 2.2032450048629784, 2.2032450048629757, 2.2032450052234576, 2.2032450052234496, 2.203245006388558, 2.2032450063885585, 2.203245005484373, 2.2032450054843737, 2.2032450049007304, 2.2032450049007295, 2.2032450048291734, 2.2032450048291734, 2.2032450061864988, 2.2032450061864988, 2.2032450055395554, 2.203245005539554, 2.2032450054644217, 2.2032450054644213, 2.203245006263272, 2.203245006263272, 2.203245005419066, 2.203245005419066, 2.2032450063985576, 2.2032450063985576, 2.203245005548912, 2.203245005548912, 2.2032450064799933, 2.2032450064799924, 2.2032450054712736, 2.2032450054712736, 2.20324500492703, 2.20324500492703, 2.2032450062039475, 2.203245006203947, 2.2032450052174775, 2.2032450052174726, 2.203245004987688, 2.2032450049876915, 2.2032450062043836, 2.2032450062043822, 2.2032450055435913, 2.2032450055435913, 2.203245005079749, 2.203245005079749, 2.203245004958917, 2.2032450049589154, 2.2032450053578043, 2.2032450053577977, 2.2032450049477292, 2.2032450049477275, 2.2032450055394976, 2.20324500553948, 2.2032450055743307, 2.203245005574331, 2.203245004944848, 2.203245004944847, 2.2032450048253978, 2.2032450048253978, 2.2032450061938995, 2.2032450061938995, 2.2032450054051256, 2.2032450054051225, 2.2032450051169805, 2.2032450051169765, 2.203245006297383, 2.2032450062973825, 2.203245006415348, 2.203245006415348, 2.203244933797568, 2.2032449337975546, 2.203225968875783, 2.2032259688757776, 2.193108151222616, 2.193108151222616, 1.438379634291973, 1.4383796342919735]
132  0.1  200  -12997.06197639944  [1.496079653956668, 1.496079653956668, 2.246404731872974, 2.246404731872974, 2.2470575198418077, 2.2470575198418077, 2.2470575970601123, 2.2470575970601123, 2.2470575970783138, 2.2470575970783138, 2.2470575970781512, 2.2470575970781512, 2.247057597078072, 2.247057597078072, 2.247057597078147, 2.247057597078147, 2.247057597078242, 2.247057597078242, 2.2470575970782285, 2.2470575970782285, 2.2470575970782942, 2.2470575970782942, 2.2470575970783986, 2.2470575970783986, 2.2470575970785527, 2.247057597078555, 2.2470575970784123, 2.2470575970784123, 2.2470575970783173, 2.247057597078318, 2.247057597078578, 2.247057597078578, 2.2470575970783, 2.2470575970783, 2.2470575970782733, 2.2470575970782733, 2.247057597078282, 2.247057597078282, 2.2470575970784807, 2.2470575970784807, 2.2470575970784488, 2.2470575970784488, 2.2470575970784052, 2.2470575970784052, 2.2470575970783333, 2.2470575970783333, 2.2470575970783, 2.2470575970783, 2.247057597078304, 2.247057597078304, 2.2470575970783964, 2.2470575970783964, 2.2470575970783595, 2.24705759707836, 2.2470575970783058, 2.2470575970783058, 2.247057597078322, 2.247057597078322, 2.247057597078447, 2.247057597078447, 2.24705759707856, 2.24705759707856, 2.247057597078447, 2.2470575970784488, 2.2470575970784488, 2.2470575970784488, 2.247057597078463, 2.247057597078463, 2.24705759707852, 2.24705759707852, 2.2470575970784723, 2.2470575970784723, 2.2470575970782316, 2.2470575970782316, 2.2470575970781237, 2.2470575970781237, 2.247057597078322, 2.247057597078322, 2.2470575970783138, 2.2470575970783133, 2.24705759707824, 2.24705759707824, 2.247057597078612, 2.247057597078612, 2.2470575970782685, 2.2470575970782685, 2.2470575970782223, 2.2470575970782223, 2.2470575970782094, 2.2470575970782094, 2.247057597078455, 2.247057597078455, 2.2470575970782263, 2.2470575970782263, 2.247057597078413, 2.247057597078413, 2.2470575970784745, 2.2470575970784754, 2.247057597078349, 2.247057597078349, 2.247057597078384, 2.247057597078384, 2.2470575970784106, 2.2470575970784106, 2.2470575970785127, 2.2470575970785136, 2.247057597078327, 2.247057597078327, 2.247057597078321, 2.247057597078321, 2.2470575970782845, 2.2470575970782845, 2.247057597078756, 2.247057597078756, 2.2470575970783235, 2.2470575970783235, 2.247057597078338, 2.247057597078338, 2.2470575970783955, 2.2470575970783955, 2.247057597078372, 2.247057597078372, 2.2470575970783004, 2.2470575970782996, 2.2470575970600093, 2.2470575970600093, 2.247057519842072, 2.2470575198420715, 2.246404731872806, 2.2464047318728055, 1.4960796539567005, 1.4960796539567005]
